16 0.083 0.599 0.162 0.11800000000000001
16 0.53 0.601 0.116 0.10200000000000001
16 0.41500000000000004 0.64 0.11 0.18
16 0.299 0.548 0.07 0.052000000000000005
16 0.22 0.521 0.024 0.034
16 0.138 0.529 0.052000000000000005 0.042
16 0.065 0.537 0.038 0.022
16 0.033 0.525 0.034 0.034
16 0.075 0.525 0.03 0.026000000000000002
16 0.418 0.523 0.024 0.022
16 0.34800000000000003 0.541 0.036000000000000004 0.042
16 0.448 0.525 0.028 0.014
16 0.525 0.542 0.03 0.028
16 0.557 0.542 0.034 0.02
16 0.737 0.54 0.03 0.024
16 0.6890000000000001 0.534 0.026000000000000002 0.02
16 0.666 0.536 0.036000000000000004 0.024
16 0.635 0.534 0.022 0.028
16 0.609 0.533 0.03 0.03
