13 0.625 0.6111111111111112 0.65 0.6410256410256411
14 0.578 0.3803418803418804 0.528 0.7051282051282052
14 0.319 0.20512820512820515 0.054 0.11111111111111112
14 0.25 0.20085470085470086 0.04 0.12820512820512822
14 0.223 0.21581196581196582 0.054 0.0982905982905983
14 0.156 0.2061965811965812 0.044 0.13034188034188035
14 0.11 0.21794871794871798 0.068 0.11111111111111112
14 0.048 0.21581196581196582 0.052000000000000005 0.10683760683760685
14 0.388 0.2061965811965812 0.032 0.11324786324786326
14 0.419 0.19551282051282054 0.038 0.10042735042735043
14 0.777 0.21794871794871798 0.034 0.042735042735042736
14 0.757 0.21581196581196582 0.03 0.05555555555555556
14 0.866 0.2104700854700855 0.036000000000000004 0.057692307692307696
14 0.8280000000000001 0.21794871794871798 0.032 0.047008547008547015
