10 0.465 0.7453333333333333 0.8140000000000001 0.504
8 0.313 0.7506666666666666 0.298 0.49866666666666665
8 0.504 0.6226666666666666 0.184 0.35466666666666663
8 0.786 0.7346666666666667 0.248 0.5253333333333333
8 0.625 0.7666666666666666 0.258 0.4613333333333333
4 0.137 0.42133333333333334 0.026000000000000002 0.07466666666666666
4 0.20800000000000002 0.408 0.032 0.06933333333333333
4 0.265 0.3973333333333333 0.03 0.07466666666666666
4 0.298 0.40399999999999997 0.024 0.034666666666666665
4 0.061 0.448 0.026000000000000002 0.05333333333333333
