8 0.73 0.8973333333333333 0.112 0.152
8 0.807 0.9319999999999999 0.10200000000000001 0.13599999999999998
8 0.9500000000000001 0.9119999999999999 0.1 0.17066666666666666
8 0.437 0.9293333333333333 0.162 0.14133333333333334
8 0.393 0.8946666666666666 0.114 0.152
10 0.625 0.9333333333333333 0.294 0.13333333333333333
10 0.519 0.848 0.154 0.096
8 0.28600000000000003 0.8093333333333333 0.084 0.14666666666666667
8 0.13 0.8866666666666666 0.128 0.21066666666666667
8 0.063 0.9026666666666666 0.106 0.19466666666666665
14 0.561 0.7173333333333333 0.038 0.096
14 0.96 0.704 0.07200000000000001 0.21866666666666665
14 0.974 0.8026666666666666 0.052000000000000005 0.24533333333333332
14 0.739 0.728 0.054 0.144
14 0.786 0.7333333333333333 0.048 0.14933333333333332
14 0.19 0.6986666666666667 0.036000000000000004 0.07466666666666666
