10 0.301 0.6197604790419162 0.394 0.38922155688622756
10 0.134 0.43413173652694614 0.248 0.18562874251497008
10 0.47200000000000003 0.3877245508982036 0.152 0.12275449101796408
14 0.8190000000000001 0.6047904191616766 0.362 0.7904191616766467
14 0.5710000000000001 0.6047904191616766 0.202 0.7904191616766467
14 0.522 0.2724550898203593 0.048 0.125748502994012
8 0.34800000000000003 0.7395209580838323 0.164 0.31736526946107785
8 0.451 0.6661676646706587 0.134 0.3323353293413174
8 0.165 0.720059880239521 0.21 0.344311377245509
8 0.10300000000000001 0.6467065868263473 0.17400000000000002 0.31736526946107785
8 0.059000000000000004 0.49251497005988026 0.11 0.17664670658682635
8 0.161 0.4251497005988024 0.08600000000000001 0.059880239520958084
8 0.24 0.35628742514970063 0.036000000000000004 0.04790419161676647
8 0.451 0.4446107784431138 0.066 0.062874251497006
