14 0.803 0.5573248407643312 0.10200000000000001 0.29936305732484075
9 0.224 0.5557324840764332 0.248 0.28343949044585987
9 0.4 0.5684713375796179 0.02 0.054140127388535034
9 0.461 0.5748407643312102 0.042 0.054140127388535034
9 0.978 0.6401273885350319 0.044 0.03184713375796178
9 0.9400000000000001 0.6401273885350319 0.036000000000000004 0.0445859872611465
9 0.933 0.6194267515923567 0.05 0.02229299363057325
9 0.844 0.6146496815286625 0.028 0.03184713375796178
9 0.772 0.6146496815286625 0.044 0.03184713375796178
6 0.9440000000000001 0.5700636942675159 0.052000000000000005 0.03184713375796178
6 0.778 0.5684713375796179 0.052000000000000005 0.02229299363057325
6 0.651 0.5684713375796179 0.046 0.03503184713375796
6 0.498 0.5652866242038217 0.04 0.028662420382165606
