8 0.667 0.5479999999999999 0.07 0.024
8 0.157 0.6373333333333333 0.098 0.10133333333333333
8 0.251 0.6466666666666666 0.098 0.104
8 0.34 0.6746666666666666 0.07200000000000001 0.08
8 0.47400000000000003 0.692 0.07200000000000001 0.08266666666666667
8 0.594 0.704 0.084 0.08533333333333333
8 0.77 0.7266666666666667 0.096 0.09333333333333332
8 0.079 0.7146666666666667 0.094 0.176
8 0.194 0.7693333333333333 0.14 0.14133333333333334
8 0.335 0.8013333333333333 0.154 0.15733333333333333
8 0.495 0.8306666666666667 0.15 0.16266666666666665
8 0.717 0.892 0.146 0.216
8 0.028 0.896 0.052000000000000005 0.08
8 0.059000000000000004 0.9626666666666667 0.114 0.07466666666666666
19 0.342 0.3213333333333333 0.108 0.10933333333333332
