15 0.105 0.15466666666666667 0.20600000000000002 0.304
14 0.887 0.316 0.226 0.36533333333333334
14 0.759 0.732 0.482 0.536
14 0.23900000000000002 0.6986666666666667 0.47400000000000003 0.6026666666666667
14 0.039 0.364 0.074 0.17866666666666667
14 0.215 0.27066666666666667 0.198 0.30666666666666664
14 0.422 0.252 0.168 0.216
14 0.591 0.25866666666666666 0.246 0.29866666666666664
8 0.719 0.32666666666666666 0.03 0.104
8 0.352 0.324 0.02 0.072
8 0.10400000000000001 0.372 0.06 0.14666666666666667
8 0.996 0.41733333333333333 0.008 0.10933333333333332
10 0.508 0.6799999999999999 0.984 0.64
