9 0.8270000000000001 0.624 0.094 0.13333333333333333
9 0.9540000000000001 0.6226666666666666 0.076 0.10933333333333332
9 0.044 0.6306666666666666 0.076 0.11466666666666667
9 0.056 0.604 0.1 0.10933333333333332
9 0.2 0.6493333333333333 0.084 0.14666666666666667
9 0.279 0.6226666666666666 0.058 0.12
9 0.335 0.6586666666666666 0.058 0.13866666666666666
9 0.6890000000000001 0.6746666666666666 0.126 0.16
9 0.589 0.6679999999999999 0.114 0.13599999999999998
9 0.533 0.6346666666666666 0.09 0.144
9 0.505 0.608 0.094 0.10666666666666666
9 0.611 0.58 0.098 0.072
