18 0.649 0.4391025641025641 0.594 0.1858974358974359
18 0.338 0.3990384615384615 0.048 0.16987179487179488
14 0.094 0.4855769230769231 0.028 0.125
14 0.122 0.47756410256410253 0.028 0.10897435897435898
14 0.14400000000000002 0.4823717948717949 0.016 0.11217948717948717
14 0.17500000000000002 0.4615384615384615 0.022 0.07051282051282051
14 0.157 0.4615384615384615 0.018000000000000002 0.07051282051282051
14 0.41300000000000003 0.48878205128205127 0.042 0.1955128205128205
14 0.052000000000000005 0.48878205128205127 0.052000000000000005 0.1891025641025641
18 0.162 0.41666666666666663 0.316 0.14743589743589744
