14 0.481 0.4789156626506024 0.074 0.28915662650602414
14 0.304 0.5632530120481928 0.052000000000000005 0.19879518072289157
14 0.20400000000000001 0.5512048192771085 0.032 0.18674698795180725
14 0.154 0.5466867469879518 0.036000000000000004 0.14759036144578314
14 0.746 0.5873493975903614 0.048 0.1746987951807229
14 0.846 0.5873493975903614 0.04 0.18072289156626506
14 0.9440000000000001 0.5993975903614458 0.056 0.1566265060240964
11 0.878 0.6204819277108434 0.08 0.10843373493975904
11 0.234 0.6521084337349398 0.08 0.05120481927710844
11 0.149 0.6656626506024097 0.066 0.030120481927710843
11 0.112 0.6671686746987953 0.084 0.06325301204819278
12 0.522 0.608433734939759 0.292 0.28915662650602414
