10 0.642 0.7839999999999999 0.188 0.208
8 0.545 0.7653333333333333 0.054 0.22933333333333333
8 0.586 0.7706666666666666 0.06 0.21866666666666665
8 0.718 0.6853333333333333 0.028 0.026666666666666665
4 0.687 0.656 0.05 0.03733333333333333
4 0.684 0.724 0.052000000000000005 0.050666666666666665
4 0.684 0.7866666666666666 0.056 0.05333333333333333
4 0.678 0.848 0.06 0.05333333333333333
4 0.748 0.8306666666666667 0.064 0.14133333333333334
4 0.753 0.9493333333333333 0.07 0.10133333333333333
4 0.676 0.96 0.052000000000000005 0.08
17 0.203 0.7653333333333333 0.154 0.224
8 0.14300000000000002 0.6639999999999999 0.10200000000000001 0.09066666666666666
