8 0.124 0.5773333333333334 0.07200000000000001 0.10933333333333332
8 0.28400000000000003 0.576 0.076 0.07466666666666666
8 0.394 0.568 0.08 0.048
8 0.517 0.5706666666666667 0.082 0.048
8 0.63 0.58 0.084 0.06666666666666667
8 0.788 0.5893333333333333 0.07200000000000001 0.10666666666666666
8 0.812 0.716 0.136 0.3173333333333333
8 0.675 0.7693333333333333 0.14200000000000002 0.3333333333333333
8 0.522 0.76 0.12 0.33599999999999997
8 0.379 0.7613333333333333 0.122 0.3333333333333333
8 0.23800000000000002 0.7573333333333333 0.132 0.3413333333333333
10 0.47100000000000003 0.7333333333333333 0.662 0.27199999999999996
8 0.107 0.7066666666666667 0.126 0.33066666666666666
