3 0.053 0.8933333333333333 0.10200000000000001 0.08533333333333333
3 0.28600000000000003 0.768 0.212 0.10133333333333333
3 0.489 0.6693333333333333 0.138 0.09066666666666666
3 0.872 0.5733333333333334 0.112 0.042666666666666665
3 0.769 0.5986666666666667 0.07 0.050666666666666665
3 0.962 0.5346666666666666 0.076 0.056
5 0.11 0.7026666666666667 0.048 0.024
5 0.14300000000000002 0.72 0.05 0.032
5 0.23500000000000001 0.6839999999999999 0.054 0.024
5 0.28400000000000003 0.6733333333333333 0.044 0.024
