8 0.308 0.7546666666666666 0.356 0.48
8 0.044 0.36 0.084 0.17066666666666666
8 0.577 0.20533333333333334 0.09 0.15466666666666667
14 0.729 0.6506666666666666 0.458 0.688
14 0.246 0.5946666666666667 0.264 0.752
14 0.128 0.2373333333333333 0.12 0.2826666666666667
14 0.426 0.352 0.24 0.352
14 0.512 0.27599999999999997 0.156 0.2693333333333333
14 0.219 0.17066666666666666 0.122 0.14933333333333332
14 0.353 0.09733333333333333 0.106 0.18933333333333333
14 0.27 0.10666666666666666 0.096 0.14933333333333332
