10 0.4746666666666666 0.735 0.768 0.53
10 0.572 0.301 0.536 0.342
10 0.628 0.095 0.3973333333333333 0.182
4 0.632 0.083 0.048 0.062
4 0.5439999999999999 0.274 0.08533333333333333 0.136
14 0.32666666666666666 0.1 0.216 0.192
14 0.2573333333333333 0.189 0.27466666666666667 0.226
14 0.264 0.306 0.26666666666666666 0.268
14 0.19333333333333333 0.5640000000000001 0.3813333333333333 0.40800000000000003
14 0.09466666666666666 0.881 0.17333333333333334 0.226
14 0.8106666666666666 0.127 0.2613333333333333 0.242
14 0.9213333333333333 0.28400000000000003 0.15733333333333333 0.47200000000000003
14 0.9199999999999999 0.498 0.16 0.504
