10 0.562 0.5506666666666666 0.876 0.41866666666666663
10 0.47800000000000004 0.7746666666666666 0.8240000000000001 0.45066666666666666
8 0.97 0.412 0.06 0.15733333333333333
8 0.8140000000000001 0.37066666666666664 0.10400000000000001 0.10133333333333333
8 0.454 0.32266666666666666 0.088 0.06933333333333333
8 0.109 0.488 0.122 0.21333333333333332
8 0.25 0.48 0.10400000000000001 0.192
8 0.37 0.4666666666666667 0.1 0.176
8 0.452 0.4653333333333333 0.076 0.25866666666666666
8 0.505 0.476 0.062 0.27466666666666667
8 0.546 0.4973333333333333 0.076 0.296
8 0.64 0.5599999999999999 0.152 0.36266666666666664
8 0.773 0.644 0.158 0.472
8 0.914 0.7266666666666667 0.17200000000000001 0.5413333333333333
8 0.791 0.7653333333333333 0.222 0.304
8 0.607 0.652 0.13 0.16799999999999998
