8 0.17200000000000001 0.724 0.34 0.5413333333333333
8 0.41000000000000003 0.48266666666666663 0.12 0.192
8 0.712 0.45066666666666666 0.12 0.17066666666666666
8 0.64 0.7613333333333333 0.28400000000000003 0.47733333333333333
8 0.754 0.7253333333333333 0.17200000000000001 0.5386666666666666
8 0.8210000000000001 0.408 0.054 0.112
10 0.427 0.724 0.726 0.5413333333333333
10 0.913 0.48933333333333334 0.17 0.23199999999999998
19 0.095 0.32266666666666666 0.186 0.2826666666666667
14 0.655 0.3333333333333333 0.11800000000000001 0.33599999999999997
15 0.065 0.092 0.11800000000000001 0.17866666666666667
15 0.505 0.5226666666666666 0.15 0.192
4 0.259 0.656 0.046 0.208
