10 0.544 0.8426666666666667 0.632 0.31466666666666665
8 0.776 0.9359999999999999 0.164 0.128
8 0.776 0.6893333333333334 0.10400000000000001 0.11466666666666667
8 0.663 0.6733333333333333 0.078 0.09866666666666667
8 0.501 0.66 0.042 0.09333333333333332
8 0.42 0.6253333333333333 0.04 0.034666666666666665
8 0.20500000000000002 0.624 0.10200000000000001 0.09066666666666666
8 0.17 0.8026666666666666 0.07200000000000001 0.30933333333333335
8 0.215 0.8253333333333333 0.08600000000000001 0.344
8 0.278 0.8306666666666667 0.108 0.33866666666666667
8 0.357 0.8386666666666667 0.126 0.30666666666666664
8 0.47200000000000003 0.848 0.184 0.304
