10 0.887 0.572 0.226 0.216
10 0.8270000000000001 0.8506666666666667 0.34600000000000003 0.29866666666666664
10 0.14100000000000001 0.6026666666666667 0.254 0.3413333333333333
14 0.929 0.388 0.11 0.17333333333333334
14 0.785 0.5373333333333333 0.162 0.3813333333333333
14 0.669 0.6733333333333333 0.222 0.2906666666666667
14 0.678 0.8079999999999999 0.276 0.37866666666666665
14 0.519 0.892 0.25 0.216
14 0.294 0.512 0.292 0.5866666666666667
14 0.158 0.39199999999999996 0.084 0.13866666666666666
14 0.064 0.41333333333333333 0.1 0.128
14 0.033 0.6906666666666667 0.062 0.6186666666666667
