8 0.09 0.768 0.164 0.3466666666666667
8 0.214 0.6026666666666667 0.14 0.29866666666666664
8 0.494 0.644 0.168 0.2693333333333333
8 0.671 0.5853333333333333 0.078 0.20533333333333334
8 0.678 0.508 0.056 0.072
8 0.6920000000000001 0.484 0.036000000000000004 0.056
8 0.808 0.45199999999999996 0.096 0.072
8 0.894 0.6066666666666667 0.084 0.16799999999999998
8 0.762 0.612 0.136 0.30133333333333334
8 0.3 0.6733333333333333 0.17200000000000001 0.2906666666666667
10 0.359 0.6 0.25 0.22933333333333333
19 0.85 0.21466666666666667 0.1 0.10933333333333332
