6 0.594 0.8003095975232198 0.812 0.3993808049535604
14 0.079 0.7275541795665635 0.07 0.18575851393188855
14 0.029 0.6811145510835914 0.038 0.09907120743034056
14 0.122 0.6671826625386997 0.016 0.06501547987616099
16 0.034 0.7925696594427245 0.044 0.10526315789473685
16 0.268 0.6037151702786379 0.064 0.09287925696594428
16 0.34600000000000003 0.5928792569659443 0.052000000000000005 0.06501547987616099
16 0.559 0.5526315789473685 0.09 0.1393188854489164
16 0.629 0.49845201238390097 0.10200000000000001 0.10526315789473685
16 0.704 0.5526315789473685 0.14400000000000002 0.25696594427244585
16 0.886 0.5773993808049536 0.228 0.281733746130031
6 0.289 0.7105263157894737 0.322 0.21362229102167185
