16 0.221 0.6986666666666667 0.14200000000000002 0.128
16 0.361 0.6346666666666666 0.082 0.09066666666666666
16 0.306 0.6679999999999999 0.10400000000000001 0.09866666666666667
16 0.8230000000000001 0.6506666666666666 0.058 0.10133333333333333
16 0.684 0.6426666666666666 0.076 0.10133333333333333
16 0.499 0.6679999999999999 0.09 0.09866666666666667
16 0.552 0.6346666666666666 0.068 0.096
16 0.373 0.5599999999999999 0.066 0.058666666666666666
16 0.458 0.5626666666666666 0.036000000000000004 0.048
16 0.779 0.6266666666666666 0.042 0.064
16 0.74 0.5559999999999999 0.048 0.050666666666666665
16 0.791 0.5559999999999999 0.05 0.050666666666666665
16 0.577 0.5973333333333333 0.054 0.06933333333333333
