12 0.68 0.6897590361445783 0.26 0.28915662650602414
12 0.33 0.6701807228915663 0.148 0.21987951807228917
12 0.112 0.7033132530120483 0.07200000000000001 0.14759036144578314
12 0.185 0.6882530120481928 0.066 0.12951807228915663
12 0.275 0.6852409638554218 0.106 0.1536144578313253
14 0.668 0.6069277108433735 0.088 0.23795180722891568
14 0.122 0.6024096385542169 0.056 0.10843373493975904
14 0.272 0.5753012048192772 0.056 0.12048192771084337
14 0.324 0.5662650602409639 0.036000000000000004 0.0963855421686747
14 0.192 0.6099397590361446 0.032 0.09337349397590362
