8 0.448235294117647 0.744514106583072 0.04941176470588235 0.07836990595611285
8 0.5823529411764705 0.7884012539184952 0.0588235294117647 0.07836990595611285
8 0.7599999999999999 0.8510971786833855 0.07529411764705882 0.07836990595611285
8 0.26941176470588235 0.8824451410658307 0.12 0.23510971786833854
8 0.40352941176470586 0.9153605015673981 0.12470588235294117 0.16927899686520376
8 0.5623529411764705 0.9655172413793103 0.07999999999999999 0.06896551724137931
8 0.9835294117647058 0.9404388714733541 0.03294117647058823 0.08150470219435736
8 0.12235294117647058 0.731974921630094 0.03764705882352941 0.09090909090909091
8 0.06823529411764705 0.8793103448275862 0.12235294117647058 0.21630094043887146
10 0.3458823529411764 0.8432601880877743 0.2164705882352941 0.26332288401253917
10 0.4729411764705882 0.8840125391849529 0.268235294117647 0.23197492163009403
10 0.668235294117647 0.9184952978056427 0.3105882352941176 0.16300940438871472
10 0.9117647058823528 0.9655172413793103 0.1764705882352941 0.06896551724137931
10 0.07176470588235294 0.8213166144200627 0.1388235294117647 0.225705329153605
