10 0.494 0.7373333333333333 0.984 0.5253333333333333
10 0.9530000000000001 0.30266666666666664 0.094 0.15733333333333333
10 0.369 0.3773333333333333 0.442 0.18933333333333333
8 0.72 0.9346666666666666 0.36 0.13066666666666665
8 0.96 0.5586666666666666 0.08 0.264
8 0.737 0.44 0.166 0.10666666666666666
8 0.464 0.44 0.152 0.10666666666666666
8 0.16 0.484 0.16 0.13599999999999998
8 0.049 0.44266666666666665 0.07 0.22933333333333333
8 0.035 0.30533333333333335 0.046 0.034666666666666665
8 0.137 0.33999999999999997 0.07 0.152
8 0.213 0.40399999999999997 0.138 0.12533333333333332
8 0.443 0.4106666666666667 0.13 0.128
8 0.634 0.38666666666666666 0.084 0.16533333333333333
8 0.6920000000000001 0.33599999999999997 0.036000000000000004 0.11733333333333333
8 0.639 0.284 0.07 0.056
8 0.508 0.27199999999999996 0.064 0.05333333333333333
8 0.299 0.2693333333333333 0.08600000000000001 0.03733333333333333
8 0.8220000000000001 0.364 0.088 0.2533333333333333
8 0.911 0.39466666666666667 0.094 0.2773333333333333
8 0.8150000000000001 0.2573333333333333 0.038 0.07733333333333334
8 0.902 0.236 0.08 0.04
