10 0.5730000000000001 0.7839999999999999 0.854 0.432
10 0.065 0.5146666666666666 0.126 0.18666666666666665
8 0.9570000000000001 0.7293333333333333 0.08600000000000001 0.22133333333333333
8 0.257 0.9159999999999999 0.28200000000000003 0.16799999999999998
8 0.503 0.9133333333333333 0.21 0.17333333333333334
8 0.14400000000000002 0.86 0.14 0.27999999999999997
8 0.23500000000000001 0.7946666666666666 0.28600000000000003 0.3413333333333333
8 0.083 0.7959999999999999 0.158 0.3813333333333333
8 0.191 0.616 0.082 0.20266666666666666
8 0.167 0.47333333333333333 0.022 0.07733333333333334
8 0.132 0.44266666666666665 0.024 0.026666666666666665
8 0.105 0.42933333333333334 0.026000000000000002 0.016
8 0.074 0.42666666666666664 0.032 0.026666666666666665
8 0.033 0.5773333333333334 0.05 0.07733333333333334
8 0.018000000000000002 0.532 0.032 0.018666666666666665
14 0.786 0.6 0.14400000000000002 0.33599999999999997
14 0.662 0.5466666666666666 0.132 0.29333333333333333
14 0.5710000000000001 0.5413333333333333 0.11800000000000001 0.24
14 0.47300000000000003 0.5133333333333333 0.10200000000000001 0.23199999999999998
14 0.28800000000000003 0.5013333333333333 0.176 0.18666666666666665
14 0.112 0.628 0.12 0.328
15 0.613 0.3453333333333333 0.066 0.16799999999999998
