14 0.906 0.39599999999999996 0.116 0.30133333333333334
9 0.551 0.38266666666666665 0.11800000000000001 0.09866666666666667
9 0.387 0.37466666666666665 0.15 0.10933333333333332
9 0.34700000000000003 0.4333333333333333 0.17400000000000002 0.07733333333333334
9 0.08 0.47866666666666663 0.1 0.07733333333333334
9 0.522 0.728 0.488 0.416
9 0.265 0.8546666666666667 0.454 0.2906666666666667
9 0.888 0.7706666666666666 0.224 0.45866666666666667
9 0.145 0.6546666666666666 0.278 0.35466666666666663
9 0.525 0.9159999999999999 0.47000000000000003 0.16799999999999998
9 0.748 0.5186666666666666 0.312 0.21066666666666667
9 0.593 0.5106666666666666 0.13 0.09333333333333332
