12 0.03333333333333333 0.4261006289308176 0.0625 0.14779874213836477
12 0.23124999999999998 0.6037735849056605 0.2875 0.44025157232704404
12 0.37395833333333334 0.6305031446540881 0.17291666666666666 0.37421383647798745
12 0.5052083333333334 0.5880503144654088 0.3104166666666667 0.4088050314465409
12 0.6322916666666667 0.60062893081761 0.15625 0.35220125786163525
12 0.8072916666666666 0.6022012578616353 0.16458333333333333 0.3427672955974843
12 0.7229166666666667 0.60062893081761 0.1 0.37106918238993714
12 0.95 0.6210691823899371 0.1 0.29874213836477986
6 0.728125 0.3584905660377359 0.16458333333333333 0.06918238993710692
14 0.21041666666666667 0.4606918238993711 0.09166666666666666 0.39308176100628933
14 0.2916666666666667 0.3757861635220126 0.04583333333333333 0.11006289308176101
14 0.48125 0.4559748427672956 0.075 0.33333333333333337
14 0.6197916666666666 0.4858490566037736 0.052083333333333336 0.2861635220125786
14 0.6520833333333333 0.3946540880503145 0.05 0.15408805031446543
14 0.7385416666666667 0.389937106918239 0.03958333333333333 0.07547169811320756
14 0.98125 0.47955974842767296 0.0375 0.29245283018867924
