8 0.668 0.944 0.252 0.112
8 0.34 0.952 0.26 0.09066666666666666
8 0.10400000000000001 0.94 0.20400000000000001 0.12
10 0.38 0.7706666666666666 0.756 0.27199999999999996
19 0.68 0.41466666666666663 0.1 0.10933333333333332
14 0.631 0.816 0.178 0.21866666666666665
14 0.41100000000000003 0.832 0.246 0.21866666666666665
14 0.489 0.596 0.10200000000000001 0.13066666666666665
14 0.19 0.45999999999999996 0.056 0.13599999999999998
14 0.134 0.504 0.06 0.22933333333333333
14 0.074 0.444 0.06 0.09333333333333332
14 0.494 0.43866666666666665 0.056 0.12533333333333332
14 0.8260000000000001 0.52 0.18 0.624
14 0.779 0.412 0.10200000000000001 0.216
8 0.559 0.504 0.074 0.128
