10 0.262 0.8191011235955057 0.52 0.3617977528089888
8 0.39 0.7359550561797753 0.156 0.150561797752809
8 0.221 0.6921348314606742 0.098 0.12134831460674159
8 0.926 0.7460674157303372 0.148 0.19325842696629214
8 0.9440000000000001 0.6393258426966293 0.10400000000000001 0.04269662921348315
8 0.9450000000000001 0.6314606741573034 0.106 0.04943820224719102
8 0.9410000000000001 0.6191011235955056 0.094 0.05168539325842697
15 0.737 0.5910112359550562 0.038 0.09887640449438204
15 0.343 0.5696629213483146 0.134 0.352808988764045
15 0.253 0.5101123595505619 0.066 0.08988764044943821
19 0.11800000000000001 0.5089887640449439 0.036000000000000004 0.06067415730337079
