8 0.6893333333333334 0.557 0.16799999999999998 0.13
10 0.22933333333333333 0.6 0.31466666666666665 0.06
17 0.40399999999999997 0.577 0.23199999999999998 0.11800000000000001
8 0.296 0.557 0.09066666666666666 0.05
8 0.292 0.664 0.16799999999999998 0.232
8 0.09866666666666667 0.6950000000000001 0.192 0.23800000000000002
14 0.132 0.504 0.056 0.044
14 0.16933333333333334 0.636 0.27999999999999997 0.26
8 0.564 0.603 0.22133333333333333 0.134
4 0.16 0.56 0.03733333333333333 0.068
4 0.18533333333333332 0.557 0.029333333333333333 0.062
4 0.20666666666666667 0.562 0.024 0.068
4 0.22 0.555 0.024 0.074
