16 0.986 0.5479999999999999 0.028 0.029333333333333333
16 0.9440000000000001 0.5453333333333333 0.028 0.029333333333333333
16 0.8290000000000001 0.5813333333333334 0.10200000000000001 0.08533333333333333
16 0.728 0.572 0.092 0.06666666666666667
16 0.673 0.54 0.034 0.024
16 0.652 0.568 0.04 0.03733333333333333
16 0.593 0.5693333333333334 0.078 0.06133333333333333
16 0.596 0.528 0.024 0.021333333333333333
16 0.561 0.5546666666666666 0.03 0.021333333333333333
16 0.54 0.54 0.028 0.029333333333333333
16 0.508 0.5746666666666667 0.076 0.06133333333333333
16 0.47100000000000003 0.5493333333333333 0.046 0.03733333333333333
16 0.366 0.528 0.036000000000000004 0.026666666666666665
16 0.313 0.5533333333333333 0.062 0.056
16 0.224 0.5706666666666667 0.08 0.08
16 0.114 0.54 0.052000000000000005 0.029333333333333333
16 0.075 0.5346666666666666 0.034 0.029333333333333333
16 0.015 0.5493333333333333 0.026000000000000002 0.058666666666666666
16 0.023 0.5093333333333333 0.03 0.021333333333333333
