2 0.29609375 0.41354166666666664 0.0203125 0.06875
2 0.32109375 0.40520833333333334 0.0203125 0.06041666666666667
4 0.8914062500000001 0.7645833333333333 0.0203125 0.07916666666666666
4 0.88828125 0.7260416666666667 0.026562500000000003 0.07291666666666667
4 0.93125 0.7552083333333334 0.03125 0.13541666666666666
2 0.31171875000000004 0.40729166666666666 0.0140625 0.04375
3 0.63828125 0.10104166666666667 0.0546875 0.11041666666666666
4 0.18515625000000002 0.5958333333333333 0.0328125 0.10416666666666667
4 0.37421875000000004 0.5 0.0234375 0.0625
4 0.28828125 0.41770833333333335 0.0140625 0.07291666666666667
