2 0.34921875 0.3572916666666667 0.045312500000000006 0.07708333333333334
2 0.5398437500000001 0.571875 0.0484375 0.022916666666666665
2 0.57734375 0.76875 0.0859375 0.05
14 0.5171875 0.48333333333333334 0.21250000000000002 0.5625
14 0.5984375000000001 0.6583333333333333 0.2625 0.5333333333333333
14 0.6195312500000001 0.7729166666666667 0.3140625 0.42916666666666664
14 0.87265625 0.8083333333333333 0.2546875 0.3416666666666667
14 0.045312500000000006 0.4510416666666667 0.084375 0.46041666666666664
14 0.20546875 0.06770833333333333 0.0734375 0.13541666666666666
14 0.265625 0.3260416666666667 0.246875 0.6520833333333333
14 0.40468750000000003 0.41875 0.184375 0.5291666666666667
2 0.45156250000000003 0.45625 0.03125 0.08333333333333333
2 0.140625 0.84375 0.043750000000000004 0.016666666666666666
2 0.15625 0.7822916666666666 0.08750000000000001 0.022916666666666665
2 0.14296875 0.8166666666666667 0.0734375 0.020833333333333332
2 0.34453125 0.36354166666666665 0.0421875 0.08541666666666667
2 0.146875 0.790625 0.08125 0.014583333333333334
2 0.1375 0.825 0.043750000000000004 0.0125
14 0.734375 0.8760416666666666 0.240625 0.24375
