4 0.38380281690140844 0.59609375 0.0539906103286385 0.1078125
4 0.5011737089201878 0.62109375 0.03990610328638498 0.045312500000000006
4 0.33568075117370894 0.58046875 0.028169014084507043 0.060937500000000006
4 0.30164319248826293 0.6359375 0.03051643192488263 0.05625
4 0.27230046948356806 0.6234375000000001 0.03286384976525822 0.07187500000000001
4 0.3392018779342723 0.41953125 0.06338028169014084 0.08281250000000001
4 0.24530516431924884 0.6468750000000001 0.04460093896713615 0.053125000000000006
4 0.3380281690140845 0.634375 0.04225352112676056 0.046875
2 0.5704225352112676 0.7976562500000001 0.051643192488262914 0.0421875
2 0.5352112676056339 0.8031250000000001 0.03755868544600939 0.05625
4 0.41901408450704225 0.59375 0.025821596244131457 0.059375000000000004
4 0.3051643192488263 0.6117187500000001 0.03755868544600939 0.07968750000000001
4 0.2359154929577465 0.6171875 0.035211267605633804 0.034375
4 0.4424882629107981 0.60859375 0.0539906103286385 0.0734375
4 0.4847417840375587 0.60859375 0.035211267605633804 0.0578125
