4 0.3609022556390977 0.515 0.05513784461152882 0.03666666666666667
4 0.23809523809523808 0.5216666666666667 0.03007518796992481 0.043333333333333335
4 0.21177944862155387 0.5266666666666667 0.022556390977443608 0.04666666666666667
4 0.19047619047619047 0.5216666666666667 0.02506265664160401 0.05666666666666667
2 0.8671679197994987 0.5808333333333334 0.015037593984962405 0.035
2 0.8909774436090225 0.5858333333333333 0.017543859649122806 0.021666666666666667
2 0.9072681704260651 0.5850000000000001 0.020050125313283207 0.030000000000000002
2 0.9160401002506265 0.5733333333333334 0.012531328320802004 0.02666666666666667
2 0.8834586466165413 0.5808333333333334 0.022556390977443608 0.028333333333333335
2 0.9273182957393483 0.5691666666666667 0.015037593984962405 0.035
