2 0.178125 0.37734375000000003 0.07291666666666667 0.08281250000000001
2 0.9093749999999999 0.35468750000000004 0.014583333333333334 0.028125
14 0.609375 0.62109375 0.78125 0.7234375000000001
14 0.65625 0.31796875 0.2 0.23593750000000002
14 0.09791666666666667 0.5398437500000001 0.19583333333333333 0.7078125000000001
8 0.5864583333333333 0.8835937500000001 0.15625 0.2328125
8 0.12604166666666666 0.82421875 0.2520833333333333 0.3515625
4 0.9208333333333333 0.5359375000000001 0.041666666666666664 0.16562500000000002
4 0.965625 0.55625 0.022916666666666665 0.053125000000000006
2 0.59375 0.31328125 0.020833333333333332 0.0140625
2 0.5604166666666667 0.49921875000000004 0.07916666666666666 0.0171875
