2 0.755 0.4110429447852761 0.022 0.03067484662576687
2 0.763 0.5122699386503068 0.042 0.049079754601226995
2 0.20500000000000002 0.7883435582822086 0.082 0.0736196319018405
2 0.449 0.46932515337423314 0.09 0.12269938650306748
2 0.057 0.8190184049079755 0.106 0.06134969325153374
14 0.8300000000000001 0.5322085889570553 0.332 0.9171779141104295
14 0.358 0.25 0.164 0.4386503067484663
14 0.261 0.8021472392638037 0.134 0.37116564417177916
14 0.447 0.8282208588957055 0.234 0.3128834355828221
14 0.41000000000000003 0.5168711656441718 0.216 0.2791411042944785
14 0.089 0.29754601226993865 0.178 0.5950920245398773
2 0.167 0.3266871165644172 0.15 0.08282208588957056
2 0.192 0.7714723926380368 0.044 0.03374233128834356
2 0.421 0.8205521472392638 0.17 0.12576687116564417
14 0.049 0.9125766871165645 0.08600000000000001 0.17484662576687118
