2 0.8656250000000001 0.5229166666666667 0.09375 0.22916666666666666
2 0.790625 0.49583333333333335 0.096875 0.225
2 0.74765625 0.4864583333333333 0.11406250000000001 0.21041666666666667
2 0.721875 0.475 0.10625000000000001 0.21666666666666667
2 0.675 0.4583333333333333 0.1125 0.21666666666666667
2 0.634375 0.46770833333333334 0.10312500000000001 0.17291666666666666
2 0.6078125000000001 0.43645833333333334 0.13125 0.20625
2 0.5578125 0.43124999999999997 0.125 0.17916666666666667
2 0.5140625 0.43124999999999997 0.12812500000000002 0.18333333333333332
2 0.83515625 0.5 0.09531250000000001 0.23333333333333334
2 0.48125 0.3989583333333333 0.13125 0.19375
2 0.43671875000000004 0.41770833333333335 0.1296875 0.16041666666666665
2 0.4265625 0.390625 0.140625 0.18125
2 0.47578125000000004 0.4354166666666667 0.9484375 0.43333333333333335
