4 0.359375 0.58125 0.03125 0.0625
4 0.40208333333333335 0.57421875 0.025 0.0765625
4 0.33541666666666664 0.7937500000000001 0.04583333333333333 0.16562500000000002
2 0.7322916666666667 0.728125 0.027083333333333334 0.1
2 0.6333333333333333 0.6703125000000001 0.016666666666666666 0.046875
2 0.7052083333333333 0.70859375 0.01875 0.0328125
2 0.7114583333333333 0.75703125 0.014583333333333334 0.0484375
4 0.39166666666666666 0.8078125 0.075 0.125
4 0.428125 0.5828125000000001 0.03125 0.06875
2 0.65 0.69140625 0.020833333333333332 0.07968750000000001
2 0.6208333333333333 0.6828125 0.029166666666666667 0.043750000000000004
4 0.04479166666666667 0.78671875 0.08125 0.1703125
