2 0.5690000000000001 0.7453333333333333 0.158 0.2853333333333333
4 0.269 0.3933333333333333 0.034 0.13066666666666665
14 0.642 0.4933333333333333 0.716 0.9866666666666666
14 0.444 0.16133333333333333 0.068 0.32266666666666666
14 0.533 0.16799999999999998 0.11800000000000001 0.33599999999999997
10 0.927 0.2533333333333333 0.146 0.23466666666666666
14 0.97 0.076 0.06 0.152
14 0.28600000000000003 0.17733333333333332 0.136 0.33866666666666667
10 0.5 0.4413333333333333 1.0 0.536
2 0.14100000000000001 0.25066666666666665 0.018000000000000002 0.08533333333333333
