4 0.2484375 0.41391509433962265 0.0125 0.09198113207547169
4 0.4 0.5377358490566038 0.028125 0.09433962264150943
4 0.49375 0.5330188679245282 0.025 0.08490566037735849
2 0.2859375 0.39504716981132076 0.015625 0.04009433962264151
4 0.22578125000000002 0.4068396226415094 0.0140625 0.06367924528301887
4 0.23750000000000002 0.4363207547169811 0.028125 0.08018867924528301
4 0.25859375 0.41273584905660377 0.0203125 0.08962264150943396
2 0.30625 0.3915094339622641 0.009375000000000001 0.051886792452830184
2 0.31171875000000004 0.3962264150943396 0.0171875 0.03773584905660377
2 0.28515625 0.3891509433962264 0.0078125 0.05660377358490566
