2 0.4625 0.608235294117647 0.153125 0.03529411764705882
2 0.62421875 0.788235294117647 0.1078125 0.1364705882352941
14 0.58359375 0.26235294117647057 0.2265625 0.4870588235294117
14 0.17265625 0.536470588235294 0.3453125 0.7952941176470587
14 0.6726562500000001 0.5658823529411764 0.4140625 0.6141176470588234
14 0.84921875 0.3129411764705882 0.3015625 0.6211764705882352
14 0.9640625 0.06117647058823529 0.05625 0.12235294117647058
8 0.34609375000000003 0.36117647058823527 0.17343750000000002 0.27058823529411763
14 0.03359375 0.1941176470588235 0.0671875 0.388235294117647
14 0.09140625000000001 0.8376470588235293 0.18281250000000002 0.3152941176470588
2 0.52578125 0.44235294117647056 0.0421875 0.051764705882352935
