4 0.165625 0.7406250000000001 0.06041666666666667 0.1
2 0.5614583333333333 0.6578125 0.022916666666666665 0.025
2 0.528125 0.6585937500000001 0.010416666666666666 0.026562500000000003
2 0.5177083333333333 0.6585937500000001 0.01875 0.0234375
2 0.8802083333333334 0.72578125 0.01875 0.1015625
4 0.9552083333333333 0.74375 0.03958333333333333 0.1125
4 0.9791666666666666 0.75390625 0.041666666666666664 0.11406250000000001
4 0.990625 0.76953125 0.01875 0.0890625
4 0.6739583333333333 0.6882812500000001 0.035416666666666666 0.0578125
4 0.8010416666666667 0.67734375 0.03125 0.0578125
14 0.08020833333333333 0.42890625000000004 0.13958333333333334 0.1046875
2 0.53125 0.6492187500000001 0.016666666666666666 0.0203125
