2 0.16444444444444445 0.17333333333333334 0.057777777777777775 0.10333333333333335
2 0.2411111111111111 0.17500000000000002 0.08666666666666667 0.09666666666666668
4 0.2966666666666667 0.48000000000000004 0.051111111111111114 0.09666666666666668
4 0.36666666666666664 0.2783333333333334 0.04 0.13
4 0.33111111111111113 0.47000000000000003 0.044444444444444446 0.11
4 0.3977777777777778 0.465 0.022222222222222223 0.08666666666666667
4 0.18888888888888888 0.3358333333333334 0.04 0.07833333333333334
4 0.29 0.3691666666666667 0.23777777777777778 0.31833333333333336
4 0.36777777777777776 0.4541666666666667 0.03333333333333333 0.08166666666666667
4 0.25 0.34750000000000003 0.042222222222222223 0.05166666666666667
4 0.09 0.33666666666666667 0.042222222222222223 0.07333333333333333
