4 0.20625 0.6726562500000001 0.058333333333333334 0.15156250000000002
4 0.6614583333333334 0.665625 0.04375 0.115625
4 0.6114583333333333 0.67890625 0.04375 0.0859375
4 0.34270833333333334 0.6804687500000001 0.04791666666666666 0.11406250000000001
4 0.6427083333333333 0.628125 0.03125 0.06875
4 0.20520833333333333 0.7351562500000001 0.03958333333333333 0.0921875
4 0.096875 0.63984375 0.06041666666666667 0.0671875
2 0.19375 0.80859375 0.041666666666666664 0.060937500000000006
2 0.25625 0.6429687500000001 0.008333333333333333 0.0140625
2 0.24895833333333334 0.6640625 0.027083333333333334 0.08750000000000001
14 0.240625 0.453125 0.17708333333333334 0.359375
4 0.7614583333333333 0.69453125 0.06041666666666667 0.0546875
