14 0.39687500000000003 0.5304449648711944 0.6781250000000001 0.9391100702576113
2 0.2078125 0.5901639344262295 0.021875000000000002 0.09836065573770492
2 0.17421875 0.5714285714285714 0.0390625 0.13114754098360656
2 0.15078125 0.5749414519906323 0.0328125 0.11007025761124122
2 0.24375000000000002 0.8056206088992974 0.034375 0.10304449648711944
2 0.1953125 0.5702576112412178 0.034375 0.09601873536299765
2 0.22890625 0.6252927400468384 0.051562500000000004 0.17330210772833723
2 0.07578125000000001 0.572599531615925 0.15156250000000002 0.14285714285714285
2 0.17421875 0.8185011709601874 0.0234375 0.0585480093676815
2 0.265625 0.7763466042154566 0.06875 0.1053864168618267
