2 0.4791666666666667 0.4703125 0.15416666666666667 0.1625
2 0.39479166666666665 0.43125 0.14375 0.19375
2 0.6208333333333333 0.4390625 0.13333333333333333 0.153125
2 0.275 0.27109375 0.12916666666666665 0.1703125
2 0.3052083333333333 0.41484375 0.16041666666666665 0.2265625
2 0.23958333333333334 0.43359375 0.2583333333333333 0.17343750000000002
2 0.578125 0.26406250000000003 0.08958333333333333 0.15000000000000002
2 0.24687499999999998 0.3125 0.06875 0.05625
2 0.540625 0.37812500000000004 0.09375 0.10625000000000001
2 0.6552083333333333 0.36328125 0.15208333333333332 0.09843750000000001
2 0.6395833333333333 0.33203125 0.12916666666666665 0.1296875
