2 0.292 0.6759999999999999 0.14400000000000002 0.6106666666666667
2 0.449 0.7266666666666667 0.182 0.5413333333333333
2 0.708 0.5906666666666667 0.084 0.37066666666666664
2 0.886 0.6719999999999999 0.20800000000000002 0.6293333333333333
2 0.655 0.9026666666666666 0.098 0.15733333333333333
2 0.224 0.7813333333333333 0.076 0.24533333333333332
2 0.809 0.8653333333333333 0.094 0.24266666666666667
2 0.279 0.736 0.05 0.20266666666666666
2 0.662 0.8039999999999999 0.092 0.19999999999999998
2 0.145 0.7346666666666667 0.15 0.48266666666666663
