4 0.31328125 0.3251173708920188 0.1453125 0.14788732394366197
14 0.1046875 0.40610328638497656 0.209375 0.7699530516431925
14 0.32656250000000003 0.505868544600939 0.203125 0.9553990610328639
14 0.8382812500000001 0.29694835680751175 0.2265625 0.57981220657277
14 0.8609375 0.5316901408450704 0.278125 0.9366197183098591
14 0.47187500000000004 0.5586854460093896 0.16875 0.835680751173709
2 0.65 0.5105633802816901 0.171875 0.16666666666666666
2 0.7820312500000001 0.37089201877934275 0.1015625 0.13145539906103287
2 0.45156250000000003 0.4107981220657277 0.078125 0.09859154929577466
14 0.6312500000000001 0.5610328638497653 0.36250000000000004 0.8544600938967136
