2 0.8578125000000001 0.6061269146608315 0.284375 0.087527352297593
14 0.584375 0.5229759299781181 0.6156250000000001 0.949671772428884
14 0.91328125 0.7702407002188183 0.17343750000000002 0.45951859956236324
4 0.06484375 0.35886214442013126 0.0890625 0.16630196936542668
4 0.11328125 0.3730853391684901 0.0859375 0.15536105032822756
4 0.1953125 0.28884026258205686 0.09062500000000001 0.1487964989059081
4 0.1375 0.4048140043763676 0.046875 0.1137855579868709
4 0.178125 0.41575492341356673 0.146875 0.12691466083150985
4 0.096875 0.4485776805251641 0.028125 0.05689277899343545
4 0.0671875 0.4562363238512035 0.040625 0.045951859956236324
