2 0.37265625 0.33958333333333335 0.0234375 0.2375
2 0.06406250000000001 0.23020833333333332 0.0125 0.07291666666666667
2 0.30625 0.24375 0.018750000000000003 0.09166666666666666
2 0.328125 0.23958333333333334 0.025 0.1
2 0.36250000000000004 0.23645833333333333 0.015625 0.10208333333333333
2 0.390625 0.24895833333333334 0.015625 0.10208333333333333
2 0.41171875 0.23020833333333332 0.0140625 0.10625
2 0.44140625 0.23124999999999998 0.0140625 0.1
2 0.465625 0.23541666666666666 0.015625 0.0875
14 0.78515625 0.7416666666666667 0.3359375 0.4875
14 0.634375 0.2625 0.18125000000000002 0.3458333333333333
14 0.7406250000000001 0.5072916666666667 0.20625000000000002 0.42291666666666666
14 0.534375 0.38125 0.16562500000000002 0.5833333333333334
14 0.75703125 0.16145833333333334 0.1546875 0.3020833333333333
14 0.19921875 0.571875 0.3984375 0.8354166666666667
14 0.53046875 0.6947916666666667 0.3359375 0.6104166666666666
2 0.03671875 0.23645833333333333 0.010937500000000001 0.06875
2 0.42890625000000004 0.23229166666666667 0.0078125 0.11041666666666666
2 0.45546875000000003 0.5010416666666666 0.0171875 0.07708333333333334
2 0.42265625 0.5072916666666667 0.010937500000000001 0.07708333333333334
2 0.2328125 0.27708333333333335 0.434375 0.55
