4 0.29453125 0.7947916666666667 0.07968750000000001 0.20625
4 0.2234375 0.8552083333333333 0.096875 0.2895833333333333
2 0.728125 0.8416666666666667 0.018750000000000003 0.06666666666666667
2 0.7703125000000001 0.825 0.015625 0.058333333333333334
2 0.70625 0.9333333333333333 0.040625 0.13333333333333333
2 0.7406250000000001 0.93125 0.025 0.1375
4 0.025 0.3520833333333333 0.05 0.15
4 0.30312500000000003 0.9072916666666666 0.078125 0.18541666666666667
14 0.5734375 0.5166666666666666 0.325 0.7833333333333333
4 0.08203125 0.3541666666666667 0.06406250000000001 0.17083333333333334
2 0.7781250000000001 0.8666666666666667 0.015625 0.09166666666666666
2 0.7625000000000001 0.9270833333333334 0.021875000000000002 0.14583333333333334
4 0.3671875 0.8541666666666666 0.07500000000000001 0.1375
