4 0.3765625 0.7041666666666666 0.025 0.10833333333333334
4 0.41328125000000004 0.7 0.026562500000000003 0.12083333333333333
4 0.50234375 0.7052083333333333 0.0234375 0.12708333333333333
4 0.53046875 0.23645833333333333 0.0203125 0.07708333333333334
4 0.55625 0.24687499999999998 0.0125 0.05625
2 0.534375 0.3375 0.025 0.04583333333333333
8 0.90546875 0.9052083333333333 0.18906250000000002 0.16458333333333333
4 0.56875 0.24583333333333332 0.009375000000000001 0.058333333333333334
4 0.33203125 0.73125 0.0328125 0.075
4 0.54609375 0.2520833333333333 0.010937500000000001 0.05
