4 0.1386946386946387 0.88671875 0.11421911421911422 0.22031250000000002
4 0.39044289044289043 0.49453125000000003 0.039627039627039624 0.11093750000000001
2 0.703962703962704 0.8148437500000001 0.05128205128205128 0.0734375
4 0.4662004662004662 0.515625 0.04195804195804196 0.08750000000000001
4 0.24708624708624707 0.8773437500000001 0.1258741258741259 0.2328125
4 0.3135198135198135 0.50625 0.04895104895104895 0.08750000000000001
4 0.43123543123543123 0.4921875 0.037296037296037296 0.11875000000000001
4 0.634032634032634 0.51484375 0.05128205128205128 0.0765625
4 0.3508158508158508 0.5109375 0.039627039627039624 0.08750000000000001
2 0.8158508158508159 0.8343750000000001 0.018648018648018648 0.037500000000000006
2 0.8624708624708625 0.80390625 0.07925407925407925 0.1015625
2 0.8205128205128205 0.80625 0.018648018648018648 0.021875000000000002
4 0.682983682983683 0.51796875 0.05128205128205128 0.07968750000000001
4 0.168997668997669 0.790625 0.08158508158508158 0.109375
