4 0.59375 0.7429906542056074 0.028125 0.06074766355140186
4 0.6625000000000001 0.6296728971962616 0.015625 0.053738317757009345
4 0.634375 0.6238317757009345 0.015625 0.04205607476635514
4 0.59296875 0.630841121495327 0.0171875 0.04672897196261682
4 0.565625 0.6296728971962616 0.0125 0.0397196261682243
2 0.47109375000000003 0.7967289719626167 0.09531250000000001 0.03271028037383177
4 0.4609375 0.733644859813084 0.03125 0.08411214953271028
4 0.63671875 0.7464953271028036 0.026562500000000003 0.05841121495327102
4 0.53046875 0.7394859813084111 0.0171875 0.08177570093457943
4 0.2828125 0.7231308411214953 0.034375 0.10514018691588785
4 0.24609375 0.7429906542056074 0.0234375 0.07009345794392523
