15 0.9765625 0.4027777777777778 0.021875000000000002 0.07777777777777778
8 0.9398437500000001 0.6430555555555556 0.0859375 0.36388888888888893
8 0.87421875 0.5055555555555555 0.0734375 0.22222222222222224
8 0.7976562500000001 0.5736111111111112 0.1015625 0.33055555555555555
10 0.9078125 0.5583333333333333 0.14375000000000002 0.3611111111111111
2 0.38046875 0.45972222222222225 0.0203125 0.008333333333333333
4 0.46796875000000004 0.4013888888888889 0.010937500000000001 0.08611111111111111
4 0.1640625 0.4166666666666667 0.009375000000000001 0.05
4 0.4421875 0.40694444444444444 0.0125 0.06944444444444445
10 0.49843750000000003 0.7347222222222223 0.43125 0.5305555555555556
4 0.325 0.4375 0.015625 0.075
