2 0.69140625 0.634375 0.07968750000000001 0.11041666666666666
2 0.69453125 0.6 0.0890625 0.15416666666666667
14 0.39453125 0.8322916666666667 0.2109375 0.30625
14 0.34453125 0.6239583333333333 0.4859375 0.74375
14 0.94140625 0.6489583333333333 0.1171875 0.6979166666666666
14 0.21250000000000002 0.3697916666666667 0.15000000000000002 0.46875
14 0.478125 0.33229166666666665 0.15937500000000002 0.46875
14 0.91328125 0.5041666666666667 0.1703125 0.8541666666666666
14 0.04609375 0.4375 0.0921875 0.625
14 0.34609375000000003 0.209375 0.06406250000000001 0.12708333333333333
14 0.08671875000000001 0.5364583333333334 0.17343750000000002 0.78125
14 0.58984375 0.146875 0.1390625 0.13125
