2 0.419 0.3413333333333333 0.126 0.07466666666666666
1 0.243 0.6639999999999999 0.10200000000000001 0.24
6 0.068 0.48133333333333334 0.076 0.06133333333333333
6 0.153 0.46799999999999997 0.046 0.04
6 0.177 0.45866666666666667 0.054 0.05333333333333333
6 0.216 0.45999999999999996 0.028 0.029333333333333333
6 0.12 0.47733333333333333 0.06 0.058666666666666666
14 0.499 0.5733333333333334 0.382 0.848
6 0.247 0.45866666666666667 0.03 0.026666666666666665
6 0.299 0.45199999999999996 0.01 0.018666666666666665
6 0.267 0.45466666666666666 0.022 0.024
6 0.28700000000000003 0.4533333333333333 0.014 0.016
6 0.311 0.4493333333333333 0.014 0.018666666666666665
