2 0.11406250000000001 0.8427083333333333 0.037500000000000006 0.3145833333333333
2 0.1703125 0.8583333333333333 0.0625 0.2833333333333333
2 0.19296875000000002 0.709375 0.07968750000000001 0.33125
2 0.2671875 0.21354166666666666 0.084375 0.4270833333333333
2 0.25234375000000003 0.721875 0.0546875 0.38958333333333334
2 0.39609375 0.20833333333333334 0.0921875 0.4166666666666667
2 0.31875000000000003 0.7479166666666667 0.078125 0.44166666666666665
2 0.39687500000000003 0.703125 0.053125000000000006 0.39791666666666664
2 0.45078125 0.6927083333333334 0.0390625 0.36875
2 0.48750000000000004 0.759375 0.03125 0.24375
2 0.0890625 0.6208333333333333 0.07187500000000001 0.14166666666666666
2 0.14765625000000002 0.634375 0.06406250000000001 0.18958333333333333
2 0.4609375 0.21041666666666667 0.053125000000000006 0.4083333333333333
2 0.45 0.459375 0.446875 0.8937499999999999
