14 0.1650326797385621 0.7565359477124183 0.3300653594771242 0.4150326797385621
14 0.7581699346405228 0.28921568627450983 0.238562091503268 0.238562091503268
14 0.5114379084967321 0.7083333333333334 0.630718954248366 0.5375816993464052
4 0.47794117647058826 0.41339869281045755 0.03104575163398693 0.07516339869281045
4 0.5849673202614379 0.38643790849673204 0.04575163398692811 0.1519607843137255
2 0.3145424836601307 0.6748366013071896 0.02777777777777778 0.029411764705882353
2 0.9436274509803921 0.29248366013071897 0.02777777777777778 0.05555555555555556
2 0.6838235294117647 0.6233660130718954 0.12581699346405228 0.03431372549019608
2 0.7834967320261438 0.3014705882352941 0.08333333333333334 0.04738562091503268
14 0.9084967320261438 0.28758169934640526 0.14052287581699346 0.3300653594771242
