19 0.7273437500000001 0.5375 0.0890625 0.09583333333333333
14 0.37109375 0.690625 0.1953125 0.59375
14 0.15546875000000002 0.68125 0.1953125 0.6125
14 0.030468750000000003 0.5739583333333333 0.060937500000000006 0.14791666666666667
10 0.03515625 0.6916666666666667 0.0703125 0.0375
10 0.8203125 0.8 0.359375 0.37083333333333335
2 0.13125 0.646875 0.034375 0.010416666666666666
8 0.60078125 0.7822916666666666 0.1171875 0.23958333333333334
8 0.4546875 0.7520833333333333 0.096875 0.2375
8 0.8695312500000001 0.8541666666666666 0.2078125 0.2625
8 0.8859375 0.765625 0.053125000000000006 0.15625
8 0.8148437500000001 0.6833333333333333 0.035937500000000004 0.11666666666666667
8 0.728125 0.7583333333333333 0.13125 0.3125
8 0.29375 0.7489583333333333 0.08750000000000001 0.22291666666666665
8 0.846875 0.7166666666666667 0.046875 0.1375
8 0.22812500000000002 0.6385416666666667 0.05 0.08125
8 0.98359375 0.9114583333333334 0.0328125 0.12291666666666666
10 0.3609375 0.703125 0.325 0.05625
10 0.61640625 0.7302083333333333 0.1796875 0.04375
