4 0.31093750000000003 0.14895833333333333 0.084375 0.27708333333333335
4 0.22578125000000002 0.16666666666666666 0.07968750000000001 0.25
4 0.85078125 0.28125 0.1078125 0.3125
4 0.78125 0.321875 0.07187500000000001 0.19791666666666666
4 0.85078125 0.22291666666666665 0.0859375 0.2375
4 0.325 0.042708333333333334 0.07500000000000001 0.08541666666666667
2 0.7828125 0.10833333333333334 0.05 0.0875
2 0.72421875 0.10625 0.029687500000000002 0.09583333333333333
4 0.24531250000000002 0.040625 0.0625 0.08125
4 0.8484375000000001 0.125 0.12812500000000002 0.22083333333333333
