4 0.21675531914893617 0.121 0.2845744680851064 0.202
2 0.4228723404255319 0.597 0.026595744680851064 0.03
2 0.5718085106382979 0.608 0.047872340425531915 0.076
2 0.5984042553191489 0.631 0.05319148936170213 0.05
2 0.6343085106382979 0.546 0.09308510638297872 0.06
2 0.5518617021276596 0.551 0.08776595744680851 0.114
2 0.4627659574468085 0.496 0.14361702127659573 0.132
2 0.3949468085106383 0.535 0.14095744680851063 0.114
2 0.40425531914893614 0.5640000000000001 0.031914893617021274 0.06
2 0.11702127659574468 0.28 0.23404255319148937 0.028
2 0.5771276595744681 0.47400000000000003 0.0425531914893617 0.052000000000000005
2 0.6090425531914894 0.47400000000000003 0.05851063829787234 0.07200000000000001
2 0.6263297872340425 0.5 0.07712765957446809 0.088
2 0.625 0.53 0.12234042553191489 0.088
2 0.4973404255319149 0.51 0.5851063829787234 0.316
