4 0.7318840579710144 0.41796875 0.033816425120772944 0.0421875
4 0.7065217391304347 0.3453125 0.036231884057971016 0.078125
4 0.7910628019323671 0.34140625 0.04589371980676328 0.09531250000000001
4 0.7729468599033816 0.41953125 0.033816425120772944 0.0390625
4 0.07608695652173912 0.45 0.041062801932367145 0.059375000000000004
4 0.5096618357487922 0.359375 0.9806763285024154 0.296875
14 0.35628019323671495 0.52734375 0.3647342995169082 0.6890625
2 0.9009661835748792 0.17421875 0.024154589371980676 0.06406250000000001
2 0.8804347826086956 0.1453125 0.016908212560386472 0.040625
2 0.8913043478260869 0.14609375 0.014492753623188404 0.0390625
2 0.9239130434782609 0.16015625 0.041062801932367145 0.0703125
