2 0.208 0.40800000000000003 0.29333333333333333 0.04
2 0.5706666666666667 0.265 0.08533333333333333 0.03
14 0.35466666666666663 0.5740000000000001 0.704 0.8240000000000001
14 0.6746666666666666 0.366 0.44266666666666665 0.612
14 0.39199999999999996 0.111 0.30933333333333335 0.218
14 0.8546666666666667 0.652 0.2906666666666667 0.684
14 0.6653333333333333 0.039 0.12 0.078
14 0.07733333333333334 0.324 0.15466666666666667 0.536
14 0.8946666666666666 0.229 0.21066666666666667 0.45
14 0.09999999999999999 0.804 0.19466666666666665 0.364
