2 0.16145833333333334 0.4638888888888889 0.07291666666666667 0.17222222222222222
2 0.371875 0.4986111111111111 0.08541666666666667 0.15833333333333333
2 0.39791666666666664 0.5125000000000001 0.1125 0.1638888888888889
2 0.6385416666666667 0.48333333333333334 0.01875 0.08333333333333334
2 0.6791666666666667 0.4791666666666667 0.025 0.0638888888888889
14 0.09583333333333333 0.5277777777777778 0.19166666666666665 0.9111111111111111
14 0.22395833333333334 0.45972222222222225 0.12708333333333333 0.2638888888888889
14 0.271875 0.5625 0.4145833333333333 0.36944444444444446
14 0.3364583333333333 0.35833333333333334 0.06875 0.15
14 0.4739583333333333 0.41111111111111115 0.08541666666666667 0.2388888888888889
14 0.18020833333333333 0.26666666666666666 0.06875 0.17777777777777778
14 0.7052083333333333 0.4652777777777778 0.06875 0.13611111111111113
14 0.5677083333333334 0.4361111111111111 0.10625 0.20555555555555557
14 0.46249999999999997 0.4430555555555556 0.18333333333333332 0.28611111111111115
14 0.6177083333333333 0.4708333333333333 0.03958333333333333 0.18611111111111112
14 0.33229166666666665 0.5013888888888889 0.08958333333333333 0.14166666666666666
14 0.13854166666666667 0.3611111111111111 0.05625 0.07777777777777778
2 0.53125 0.4041666666666667 0.008333333333333333 0.075
2 0.4041666666666667 0.4569444444444445 0.029166666666666667 0.09166666666666667
2 0.5364583333333334 0.40555555555555556 0.0020833333333333333 0.06666666666666667
2 0.60625 0.43472222222222223 0.016666666666666666 0.036111111111111115
2 0.5822916666666667 0.5083333333333333 0.014583333333333334 0.016666666666666666
2 0.696875 0.5 0.03125 0.05
2 0.6520833333333333 0.48194444444444445 0.0125 0.030555555555555558
14 0.37916666666666665 0.34305555555555556 0.04583333333333333 0.09722222222222222
