2 0.69453125 0.4236111111111111 0.060937500000000006 0.036111111111111115
2 0.5828125000000001 0.5736111111111112 0.015625 0.025
2 0.7953125000000001 0.5041666666666667 0.078125 0.075
2 0.8640625000000001 0.6708333333333334 0.10625000000000001 0.08055555555555556
2 0.36953125000000003 0.5027777777777778 0.0765625 0.09444444444444444
14 0.5828125000000001 0.6694444444444445 0.31875000000000003 0.6333333333333333
14 0.703125 0.5555555555555556 0.14375000000000002 0.6111111111111112
14 0.8343750000000001 0.6375000000000001 0.19062500000000002 0.6972222222222223
14 0.90234375 0.7138888888888889 0.1953125 0.55
14 0.3609375 0.6208333333333333 0.296875 0.7305555555555556
14 0.178125 0.6611111111111111 0.30625 0.6722222222222223
2 0.52578125 0.6444444444444445 0.0171875 0.02777777777777778
