4 0.05625 0.5563380281690141 0.037500000000000006 0.13615023474178403
2 0.26484375 0.5786384976525821 0.026562500000000003 0.18544600938967137
2 0.2421875 0.5657276995305165 0.018750000000000003 0.19248826291079812
4 0.8773437500000001 0.3415492957746479 0.0546875 0.20892018779342725
4 0.9031250000000001 0.3075117370892019 0.043750000000000004 0.2535211267605634
4 0.55390625 0.6091549295774648 0.035937500000000004 0.1431924882629108
4 0.84921875 0.32629107981220656 0.0421875 0.20657276995305165
4 0.8250000000000001 0.3333333333333333 0.025 0.18779342723004694
4 0.85546875 0.07629107981220658 0.07968750000000001 0.15258215962441316
4 0.603125 0.5786384976525821 0.03125 0.16666666666666666
4 0.9164062500000001 0.07629107981220658 0.051562500000000004 0.15258215962441316
4 0.8031250000000001 0.07863849765258216 0.040625 0.13849765258215962
