4 0.095 0.6346666666666666 0.042 0.16533333333333333
4 0.136 0.6613333333333333 0.028 0.09066666666666666
4 0.24 0.6373333333333333 0.032 0.096
4 0.293 0.6346666666666666 0.022 0.10133333333333333
2 0.399 0.508 0.058 0.06666666666666667
2 0.355 0.45466666666666666 0.018000000000000002 0.16266666666666665
14 0.40900000000000003 0.17466666666666666 0.11800000000000001 0.34933333333333333
4 0.20800000000000002 0.6653333333333333 0.028 0.09866666666666667
4 0.193 0.6186666666666667 0.034 0.08533333333333333
2 0.359 0.30933333333333335 0.01 0.03733333333333333
