4 0.3541666666666667 0.16640625 0.029166666666666667 0.0765625
4 0.40208333333333335 0.178125 0.020833333333333332 0.053125000000000006
4 0.20104166666666667 0.67109375 0.06458333333333333 0.1265625
2 0.4166666666666667 0.30781250000000004 0.0125 0.05
4 0.44895833333333335 0.36171875000000003 0.027083333333333334 0.0484375
4 0.4083333333333333 0.37421875000000004 0.041666666666666664 0.0703125
4 0.525 0.1765625 0.025 0.0625
4 0.546875 0.171875 0.027083333333333334 0.07187500000000001
4 0.190625 0.3796875 0.01875 0.034375
4 0.5760416666666667 0.17578125 0.01875 0.060937500000000006
4 0.33541666666666664 0.1765625 0.0125 0.059375000000000004
2 0.3489583333333333 0.3015625 0.00625 0.05625
2 0.44166666666666665 0.309375 0.008333333333333333 0.05
4 0.47291666666666665 0.19140625 0.0125 0.029687500000000002
