2 0.465625 0.4164705882352941 0.0125 0.042352941176470586
2 0.46796875000000004 0.40823529411764703 0.0234375 0.0588235294117647
2 0.478125 0.4094117647058823 0.009375000000000001 0.047058823529411764
4 0.2921875 0.5411764705882353 0.05 0.19294117647058823
4 0.24765625000000002 0.5729411764705882 0.0390625 0.14352941176470588
4 0.1921875 0.5952941176470588 0.043750000000000004 0.1552941176470588
4 0.07968750000000001 0.6317647058823529 0.09062500000000001 0.20470588235294115
4 0.70859375 0.3929411764705882 0.0328125 0.10352941176470587
4 0.43359375 0.4952941176470588 0.0390625 0.12470588235294117
4 0.22265625 0.5870588235294117 0.035937500000000004 0.12941176470588234
4 0.6890625 0.48588235294117643 0.018750000000000003 0.08705882352941176
4 0.2546875 0.48117647058823526 0.05 0.12941176470588234
4 0.65625 0.49647058823529405 0.021875000000000002 0.06588235294117646
4 0.734375 0.4517647058823529 0.040625 0.1552941176470588
2 0.484375 0.40470588235294114 0.00625 0.03764705882352941
4 0.14453125 0.6164705882352941 0.0703125 0.16470588235294117
2 0.44375000000000003 0.40705882352941175 0.0125 0.042352941176470586
4 0.6898437500000001 0.4541176470588235 0.0390625 0.12235294117647058
4 0.41328125000000004 0.5682352941176471 0.7109375 0.4305882352941176
