2 0.23363095238095236 0.1767337807606264 0.026785714285714284 0.026845637583892617
14 0.7291666666666666 0.6476510067114094 0.29166666666666663 0.6465324384787472
14 0.5178571428571428 0.6096196868008948 0.27976190476190477 0.5525727069351231
14 0.2157738095238095 0.3176733780760626 0.4255952380952381 0.5950782997762863
14 0.40922619047619047 0.3624161073825503 0.0744047619047619 0.1029082774049217
14 0.5044642857142857 0.27181208053691275 0.13392857142857142 0.17225950782997762
14 0.5044642857142857 0.36017897091722595 0.13988095238095238 0.1610738255033557
14 0.34375 0.5257270693512304 0.16964285714285712 0.47874720357941836
14 0.23809523809523808 0.35458612975391496 0.08333333333333333 0.06487695749440715
14 0.3005952380952381 0.27181208053691275 0.05952380952380952 0.04697986577181208
2 0.5074404761904762 0.40492170022371365 0.03869047619047619 0.008948545861297539
2 0.3125 0.38814317673378074 0.06547619047619047 0.015659955257270694
2 0.6294642857142857 0.470917225950783 0.03273809523809523 0.029082774049217
