4 0.5750000000000001 0.453125 0.0625 0.18541666666666667
4 0.46640625 0.3520833333333333 0.0234375 0.058333333333333334
4 0.62265625 0.4166666666666667 0.0328125 0.17916666666666667
2 0.37812500000000004 0.41875 0.018750000000000003 0.1125
2 0.39375000000000004 0.4322916666666667 0.018750000000000003 0.06041666666666667
2 0.36484375 0.43124999999999997 0.0203125 0.09166666666666666
2 0.33437500000000003 0.41354166666666664 0.025 0.07708333333333334
2 0.32890625 0.43124999999999997 0.0421875 0.0875
2 0.32578125 0.4427083333333333 0.029687500000000002 0.06041666666666667
2 0.74921875 0.340625 0.026562500000000003 0.07291666666666667
2 0.40546875000000004 0.3885416666666667 0.0234375 0.05625
2 0.7757812500000001 0.3375 0.0171875 0.07083333333333333
4 0.6507812500000001 0.4510416666666667 0.0234375 0.11041666666666666
4 0.8835937500000001 0.5541666666666667 0.0328125 0.13333333333333333
4 0.696875 0.38125 0.03125 0.10416666666666667
4 0.23593750000000002 0.5510416666666667 0.05625 0.14375
2 0.97578125 0.42604166666666665 0.0328125 0.08125
2 0.7609375 0.3333333333333333 0.009375000000000001 0.075
