2 0.28359375000000003 0.36944444444444446 0.0671875 0.20555555555555557
2 0.31484375000000003 0.35833333333333334 0.026562500000000003 0.2
2 0.33437500000000003 0.38472222222222224 0.03125 0.18055555555555555
2 0.3875 0.3944444444444445 0.028125 0.16111111111111112
2 0.39687500000000003 0.39861111111111114 0.065625 0.1527777777777778
2 0.54140625 0.4083333333333333 0.045312500000000006 0.12222222222222223
2 0.55625 0.41111111111111115 0.043750000000000004 0.11666666666666667
2 0.4609375 0.8055555555555556 0.19062500000000002 0.17777777777777778
2 0.5234375 0.8347222222222223 0.1375 0.19722222222222224
2 0.42031250000000003 0.39305555555555555 0.046875 0.1527777777777778
2 0.56640625 0.8472222222222222 0.16718750000000002 0.19444444444444445
2 0.48515625 0.3875 0.0171875 0.13611111111111113
2 0.61328125 0.8569444444444445 0.17343750000000002 0.19722222222222224
4 0.1421875 0.5888888888888889 0.0625 0.4277777777777778
2 0.5375 0.8333333333333334 0.384375 0.2555555555555556
