2 0.91015625 0.709375 0.1765625 0.21041666666666667
6 0.5 0.6177083333333333 1.0 0.7395833333333334
14 0.92578125 0.16875 0.0921875 0.17083333333333334
14 0.81640625 0.121875 0.1015625 0.13958333333333334
14 0.0671875 0.17291666666666666 0.078125 0.2
14 0.36562500000000003 0.146875 0.05625 0.11458333333333333
14 0.57265625 0.15833333333333333 0.0765625 0.07916666666666666
14 0.64375 0.1375 0.028125 0.0625
14 0.0203125 0.19895833333333332 0.040625 0.13541666666666666
14 0.47500000000000003 0.678125 0.14375000000000002 0.26458333333333334
14 0.95703125 0.10104166666666667 0.08281250000000001 0.15208333333333332
2 0.92109375 0.6885416666666666 0.15781250000000002 0.19375
2 0.7601562500000001 0.5541666666666667 0.0734375 0.09583333333333333
2 0.50390625 0.33958333333333335 0.0171875 0.0875
2 0.21250000000000002 0.30625 0.06875 0.1125
2 0.8796875000000001 0.71875 0.240625 0.30416666666666664
2 0.5921875 0.390625 0.1 0.13125
2 0.47187500000000004 0.35520833333333335 0.046875 0.09375
2 0.8132812500000001 0.259375 0.0546875 0.3104166666666667
