coco_COCO_train2014_000000264371
004822
008501
002995
001873
000734
008400
coco_000000311394
002706
002281
006839
001230
007006
000448
003583
007848
008130
007628
004343
006682
001543
009225
003855
002460
003322
000711
000972
005943
000656
000625
009006
004087
000347
005487
007156
000335
004569
005464
008309
000757
coco_COCO_train2014_000000176506
009098
006660
009450
002040
003223
007082
009764
004611
000973
005095
coco_COCO_train2014_000000325057
coco_COCO_train2014_000000204606
004751
006555
001932
001746
coco_COCO_train2014_000000147963
005098
007005
002649
002161
003844
003713
005214
009554
009825
000135
004237
000724
008380
009476
005297
008693
003768
001142
001048
006983
007127
001966
008306
000410
004982
coco_COCO_train2014_000000304905
007356
007688
001185
001749
007040
007162
004248
006460
004230
003479
003412
000974
005793
006574
001850
003253
001726
007085
002418
008300
000301
002015
001019
009029
002248
006348
004573
002301
002556
007865
002549
000583
009926
coco_COCO_train2014_000000048937
001766
001258
coco_COCO_train2014_000000195969
001252
001875
003013
001838
002720
007701
009591
001669
007748
007588
000119
007147
008010
003121
003838
007113
000694
004369
006904
002839
009713
009860
009884
007863
coco_COCO_train2014_000000516725
000161
004695
005742
005713
006906
008322
007063
003707
001617
003554
005774
006602
000544
002981
coco_COCO_train2014_000000413070
007473
008609
007647
005820
008766
001556
007568
007779
003574
009581
001524
009170
007723
001824
000263
004497
000512
007281
coco_COCO_train2014_000000133175
009295
000563
003231
003986
006624
007612
003522
001143
005566
005866
003810
003300
005588
008827
004407
004994
000008
005270
006383
009682
002966
008806
003114
009509
005273
001089
008521
008444
008446
003407
009249
007950
005400
003881
coco_COCO_train2014_000000329242
008473
007263
004387
004762
007571
000005
002639
009188
coco_COCO_train2014_000000410663
005991
006691
003102
000183
003456
008147
003339
009813
008115
004720
001068
009030
003087
coco_COCO_train2014_000000195233
008901
005412
006483
008922
001131
000631
004276
004827
002133
008529
004115
004597
007373
002819
007559
007511
009035
009283
000089
009767
001652
006721
006279
003649
003549
004224
009584
002064
002548
003558
000975
004070
006538
000977
006854
006270
006242
000415
000551
006393
001497
001848
009511
009065
009371
000916
coco_COCO_train2014_000000093363
006943
coco_COCO_train2014_000000561776
008196
000726
005124
008580
004449
coco_COCO_train2014_000000051963
003753
001553
000613
coco_COCO_train2014_000000131884
005701
006970
003361
000728
coco_COCO_train2014_000000268835
004067
007780
005175
001613
003259
005267
007634
001833
coco_COCO_train2014_000000515893
005292
004599
008680
009045
003075
006617
002485
008467
009838
002219
007339
008945
004823
002953
000932
008376
coco_COCO_train2014_000000105830
001522
coco_COCO_train2014_000000029687
009826
008071
004502
008021
004030
006392
009047
001435
005811
008646
008853
002425
003624
002322
007464
004192
000752
000772
009517
001756
000611
003525
009191
004355
005682
006110
000490
005824
008498
000458
coco_COCO_train2014_000000208146
009181
000245
006073
000387
009833
000857
009468
003629
001054
001439
003507
006620
004988
008520
009429
002936
008357
007229
005825
003505
003563
009655
004073
008492
001396
009690
002552
002629
005549
003977
006118
004892
008472
000013
008916
001209
001261
003159
001808
005975
coco_COCO_train2014_000000400204
000368
008907
000296
coco_COCO_train2014_000000398752
008545
000816
000215
002939
001758
003156
006139
007381
coco_COCO_train2014_000000239736
002193
003956
001601
003811
003717
008570
000416
000253
003559
006175
000077
009681
002208
000810
006895
003221
000818
001692
002954
009796
005822
001395
coco_COCO_train2014_000000521327
009469
001602
008923
001885
005862
008784
001699
004341
001568
005584
006155
004495
009211
002146
coco_COCO_train2014_000000354306
005435
002623
008223
004665
008180
000861
006525
009192
000434
005720
008754
008933
coco_COCO_train2014_000000035069
004165
006427
009920
006829
005352
coco_COCO_train2014_000000230735
000868
007901
000313
009953
004543
009269
009794
004146
009100
004308
000928
009000
008219
002269
coco_COCO_train2014_000000391678
008976
002694
003140
coco_COCO_train2014_000000298931
000991
005693
004660
001034
001321
001634
001451
005028
004215
001607
002450
004944
001799
coco_COCO_train2014_000000547636
009708
005598
003776
006491
000911
005818
005405
006833
005540
009824
005816
003756
007379
005119
006870
coco_COCO_train2014_000000131937
009332
004181
004076
006469
000070
000101
008392
009672
005562
004587
006767
003635
000953
001717
004327
000359
007579
coco_COCO_train2014_000000339597
001822
005241
000156
006813
009481
002516
005765
005151
009659
009925
007772
006487
005177
006971
003200
002604
009314
004430
008889
004307
000684
008910
coco_COCO_train2014_000000285927
007196
000957
002244
003831
004617
004062
005444
007658
009559
000784
008707
004442
008111
003761
007427
001408
009489
003826
007328
004283
006235
coco_COCO_train2014_000000060077
008149
006506
coco_COCO_train2014_000000226343
008177
coco_COCO_train2014_000000393223
007531
008184
coco_COCO_train2014_000000426690
000596
007108
coco_COCO_train2014_000000373729
007032
005894
004439
000306
006714
008978
005605
009784
005148
005780
002364
004664
002610
009195
009174
006866
002673
002445
006014
001693
002274
000441
006755
009048
006385
001381
001456
009856
001227
000485
002988
008803
002100
000503
007470
002805
005897
001443
002628
008575
007980
002975
002062
004736
007034
009082
004546
003234
008683
000552
001790
006489
003904
001773
004530
005887
003047
000864
004791
007844
009071
007816
001740
005760
006655
003375
007484
002082
009226
007424
006522
002850
coco_COCO_train2014_000000332115
007279
004126
008944
001096
002895
005461
002692
001323
002902
001106
006050
003182
000055
009667
005122
000564
005856
001820
001832
002145
004712
coco_COCO_train2014_000000019380
006380
007623
003805
coco_COCO_train2014_000000231253
002421
001577
000673
000978
coco_COCO_train2014_000000020030
coco_COCO_train2014_000000162898
007599
000033
009238
009889
003901
008610
005945
coco_COCO_train2014_000000006358
007565
007460
006550
008026
009555
006219
003743
006577
007429
002671
000538
005329
005528
003725
007151
001976
002600
007900
003081
002528
003499
000229
008965
005232
005438
009133
000713
006308
008860
009131
006241
005418
001072
001023
007665
002338
009369
005336
coco_COCO_train2014_000000486004
007119
002407
001548
002554
000480
006912
003364
003204
007238
008449
006105
004868
009292
008144
006193
004199
006809
005089
008296
001589
005512
008101
007828
009248
005963
006937
008251
001831
003371
000020
005974
007986
008383
008546
007818
005504
008661
003511
002211
002955
007750
coco_COCO_train2014_000000485605
004333
000038
009089
008048
004444
004193
002157
008692
001030
006495
007974
008245
004456
000114
002027
004229
coco_COCO_train2014_000000184555
002430
005677
005359
007336
008060
002854
006405
009293
004732
002705
coco_COCO_train2014_000000305557
007760
002870
006038
000184
002907
006821
004750
007139
006103
009670
009183
001492
002272
000903
004479
005252
009795
009644
002128
001112
000162
008122
008257
002920
coco_COCO_train2014_000000229525
000209
009540
008269
000891
009951
003422
009500
005288
007744
005441
008110
004752
000934
005891
002109
007653
006727
005680
001486
008854
004203
coco_COCO_train2014_000000268986
009448
005844
002771
008642
004624
009580
005852
000505
002655
004091
004049
003194
009294
008172
002139
002555
000586
008159
coco_COCO_train2014_000000485894
005514
006804
009387
003816
000087
006414
009945
001148
coco_COCO_train2014_000000407634
coco_000000560474
004924
003366
001774
007782
coco_COCO_train2014_000000427395
008362
007971
002369
006418
001706
003205
008422
001894
002818
001095
004542
008515
004901
008067
005488
008558
003210
000507
007242
000808
000126
001366
005692
008734
008403
005219
000279
000389
002358
007912
004715
002561
000722
007270
007211
005092
002624
001215
000120
003613
005146
003846
004408
009577
002997
002041
002681
007257
009197
004980
005348
coco_COCO_train2014_000000416907
008489
004986
005031
004259
005160
008851
001332
000088
007506
009636
008431
000092
002456
003512
002511
007471
001631
005268
coco_COCO_train2014_000000494007
005880
005722
006709
006819
003123
003298
003665
002242
coco_COCO_train2014_000000271500
009331
001510
006077
001877
000207
004945
000404
008982
003421
002550
002498
003975
006528
coco_COCO_train2014_000000276124
005930
003111
004304
001368
007572
002910
006187
003959
008861
005105
006659
006549
006493
003054
001919
coco_COCO_train2014_000000046852
006729
009182
005558
004742
009288
005882
coco_COCO_train2014_000000357865
007894
001280
coco_COCO_train2014_000000529963
007911
001333
006013
007245
007140
007823
003424
009958
002013
009737
009894
003272
009385
005618
000390
004508
000871
004640
002159
004034
005079
000705
coco_COCO_train2014_000000149320
006698
004419
005443
002260
008584
000096
coco_COCO_train2014_000000003782
006693
004723
009880
coco_COCO_train2014_000000012873
002722
coco_COCO_train2014_000000490897
009937
008961
005678
009160
007787
007443
001371
008992
009508
000719
008790
009882
006041
007774
009437
coco_COCO_train2014_000000101630
001870
008994
008855
009470
004452
001249
002965
000447
000208
005569
002042
002767
000248
004446
000998
009610
002750
006511
003593
001648
006064
009220
004571
003808
001281
002611
008374
002439
004893
009792
000325
005665
008246
000959
coco_COCO_train2014_000000000562
004562
005291
002909
003552
004121
001127
003490
001649
coco_COCO_train2014_000000498815
000937
007884
000614
008903
005761
002311
006201
007357
002934
002978
009915
005477
004618
005308
coco_COCO_train2014_000000024498
007783
007302
coco_COCO_train2014_000000026725
coco_COCO_train2014_000000259676
001605
008390
003489
000091
007452
000809
008198
003954
005221
002203
coco_COCO_train2014_000000565876
006335
003978
007338
001347
004306
009156
006868
005184
006062
006701
005091
007370
004548
coco_COCO_train2014_000000398569
005455
006856
009492
009892
007549
005262
003468
009847
008694
005447
002392
008991
006304
002846
006259
005990
008594
002557
coco_COCO_train2014_000000153219
coco_COCO_train2014_000000258659
004351
004687
004802
007233
coco_COCO_train2014_000000261576
003079
009930
006598
000584
009137
007675
008263
007232
005769
000990
003408
005298
002923
006486
001234
004071
coco_COCO_train2014_000000427975
008898
008442
007546
009902
004747
002235
coco_COCO_train2014_000000545325
006290
coco_COCO_train2014_000000139645
008312
000198
003117
006485
008730
coco_COCO_train2014_000000508004
002217
008181
000823
000860
009321
007259
007532
000187
008964
009479
005876
007854
003579
000572
008892
002419
006857
003769
004606
001296
001948
002461
000546
005373
004615
005481
001254
006182
008616
006206
003561
006618
004744
005969
007366
003774
009049
003166
001723
001591
005358
009351
003068
007573
008237
006884
001356
000222
006338
003621
007344
005749
009957
005342
000600
006002
coco_COCO_train2014_000000295745
000693
005555
008866
008486
004405
000517
001422
006635
006796
005215
007856
004138
coco_COCO_train2014_000000542041
002652
002363
000267
005126
004188
000840
006257
005384
006679
002912
000078
007817
coco_COCO_train2014_000000387598
007915
007563
006079
000792
000317
coco_COCO_train2014_000000279243
006218
003500
007068
005261
002530
001843
003607
005493
006887
005911
coco_000000160666
coco_COCO_train2014_000000569795
005986
007967
009279
004934
008859
008762
008441
008601
000923
coco_COCO_train2014_000000470960
coco_COCO_train2014_000000288263
005131
003943
005213
005845
005957
coco_COCO_train2014_000000021181
009101
001084
000550
007803
coco_COCO_train2014_000000318556
006426
000265
003639
005020
004946
coco_COCO_train2014_000000495518
006101
000867
000201
007789
002680
007337
004367
006770
002592
006730
003723
000123
001851
003995
008562
005045
002559
005192
008466
004467
000566
005357
000299
009710
009046
006737
006228
002770
000921
002967
005168
009106
006838
000676
004735
004595
000420
009299
004498
coco_COCO_train2014_000000568177
003186
003439
001311
coco_COCO_train2014_000000500271
002948
009445
000627
002378
005258
coco_COCO_train2014_000000441876
004778
009365
000696
008142
007809
003701
000330
000527
000323
001010
002567
coco_COCO_train2014_000000046818
009064
000133
002813
001232
008947
003537
002726
001392
006165
002851
003652
009096
003720
002703
000409
005191
005621
007014
003640
003100
003478
004554
007361
006713
003020
005302
003689
002743
006174
003966
009042
004269
003589
007985
007352
002507
002060
008954
003077
000931
009405
007016
008318
006441
007160
000736
001292
008656
003154
008586
005535
001814
006961
002911
007873
004533
003110
005449
003294
008460
005901
009497
007180
007497
009024
001779
005616
008699
009289
006665
003895
009901
007058
009687
003161
003307
009092
006404
coco_COCO_train2014_000000349313
008155
001246
007125
005439
coco_COCO_train2014_000000200024
001645
coco_COCO_train2014_000000348467
000049
004977
007184
006908
005245
002588
000919
009201
009532
003033
008259
003196
009872
000712
004511
000042
008576
000739
004605
000665
000146
001954
006611
008904
007916
coco_COCO_train2014_000000220239
005671
000542
000535
008969
008330
008649
009301
002076
009699
005730
000216
coco_COCO_train2014_000000478115
000746
coco_COCO_train2014_000000001926
008574
002914
004396
coco_COCO_train2014_000000204612
008270
000281
coco_COCO_train2014_000000306677
001785
000062
004862
000700
004510
005218
002807
007657
000824
002515
coco_COCO_train2014_000000200879
coco_COCO_train2014_000000380007
003775
000124
004594
002960
008356
001755
005094
003677
002480
007293
007459
002196
003373
002815
coco_COCO_train2014_000000482984
002388
002667
005703
005606
004244
002251
004484
008419
008343
000360
003488
001760
006862
007168
002957
005568
004453
001002
000966
coco_COCO_train2014_000000037708
000688
009217
006273
004555
000938
006723
002840
007349
coco_COCO_train2014_000000157981
005428
004839
003247
000574
006177
007585
001087
007035
009799
000443
coco_COCO_train2014_000000026987
coco_COCO_train2014_000000077432
003226
001837
009043
003179
coco_COCO_train2014_000000300470
006283
007053
001358
003296
009606
000334
000715
009352
003333
008993
008761
008798
coco_COCO_train2014_000000379672
coco_COCO_train2014_000000132147
coco_COCO_train2014_000000051359
coco_COCO_train2014_000000155519
007080
000220
005320
005032
004984
coco_COCO_train2014_000000071870
004294
007222
000548
006043
coco_COCO_train2014_000000155666
006040
003814
009262
002191
006688
004047
002974
002259
002795
007743
002454
008824
005231
009388
007354
001992
009298
006603
002084
002979
001557
002054
008942
001090
007254
008847
000511
002924
003786
001298
005708
009307
008189
coco_COCO_train2014_000000388662
004173
005335
001615
coco_COCO_train2014_000000551036
006343
005408
006141
000863
003637
coco_COCO_train2014_000000338629
004429
001477
coco_COCO_train2014_000000504502
005360
008667
004050
003821
004080
008217
001472
006123
002123
000802
001482
002097
009852
coco_COCO_train2014_000000403424
coco_COCO_train2014_000000481747
004236
009310
007516
003569
009247
008018
005748
008047
009263
006844
007217
008289
003968
007451
009216
008701
009746
000090
009474
001214
005311
005666
002792
005536
002448
003193
004296
003059
002645
008536
coco_COCO_train2014_000000259417
003920
coco_COCO_train2014_000000472390
003972
003411
001121
007535
000925
004552
007111
002749
003093
006935
007155
003379
006224
006185
002035
coco_COCO_train2014_000000528541
006364
002832
008427
008705
004162
001883
005225
007020
007656
004645
003999
006086
006239
001561
006647
005008
008164
008156
002931
001786
005339
003709
002970
001102
006885
008375
001588
002727
001093
009927
007664
005465
006164
009228
000607
004417
005728
009946
007384
006386
004557
coco_COCO_train2014_000000386864
002230
009443
005040
009251
coco_COCO_train2014_000000284911
003879
005596
000214
006926
007183
004085
005162
003572
004668
003381
009482
coco_COCO_train2014_000000367065
000132
002395
007364
009189
coco_COCO_train2014_000000420349
002958
003997
008340
006278
003837
009862
001057
004293
004849
007710
009564
coco_COCO_train2014_000000065457
003944
004106
005865
008057
coco_COCO_train2014_000000149223
000459
009629
000670
008835
002034
003239
005153
001867
008140
004967
009914
004939
coco_000000309484
006501
000664
004998
002949
000748
001662
001141
001303
001940
000965
005849
005194
007520
006539
006667
009031
004780
008905
005294
001784
coco_COCO_train2014_000000262897
005800
001005
002302
000251
006722
006391
009355
001200
001555
008468
002361
009442
006664
008397
001336
002963
005437
003417
000412
008216
coco_COCO_train2014_000000244589
006883
004163
008986
000226
007826
003513
006540
008737
004630
009778
001697
003909
000615
001130
009546
002580
000315
005114
coco_COCO_train2014_000000012460
008386
008304
000213
009543
001501
003880
007777
006340
coco_COCO_train2014_000000172398
coco_COCO_train2014_000000313648
009039
003673
009165
003282
009350
003299
coco_COCO_train2014_000000340321
008225
007993
003964
003334
005768
005896
004061
005180
007066
002899
003706
004334
008081
002758
004011
003357
002411
007313
009776
009645
005312
coco_COCO_train2014_000000056040
coco_COCO_train2014_000000167827
000118
000358
005914
006924
007910
001913
008105
007062
000320
008681
001268
009034
004160
006081
005868
005712
009507
006432
009822
004359
009758
001515
004847
007580
006288
006562
005539
009924
005250
003852
004907
002883
007362
007246
006892
005249
004870
005987
007771
002634
000536
005052
009735
002773
001075
000393
004342
009349
006388
003415
009336
007028
007371
007189
009033
009952
002086
006792
007542
002943
009187
coco_COCO_train2014_000000083102
coco_COCO_train2014_000000108739
004492
003189
008606
006580
001079
007594
009854
007056
007116
007166
007346
004579
007276
001206
003600
008402
009196
007212
000438
000300
001995
001644
008717
009766
008034
002225
007700
007957
002473
004718
008326
004863
002708
009530
008722
007728
001288
002096
009545
008369
005244
002072
003801
004620
005090
003224
008513
001805
001846
003754
007332
005363
001811
009346
000940
004377
004094
002236
002802
009153
004217
000053
004943
001680
006593
003726
009451
001733
009206
005579
001387
008789
000849
003550
007202
008406
005248
002852
coco_COCO_train2014_000000216091
002905
004088
005922
003545
008814
000405
004375
004323
000961
005482
005646
003106
004238
005204
002440
002090
007312
003742
007433
007666
008364
003911
006644
003534
002822
006046
coco_000000365385
007372
coco_COCO_train2014_000000054918
003541
004785
006188
007605
000532
008232
000710
001955
coco_COCO_train2014_000000299714
007487
001500
009069
008585
008006
000805
009316
004965
005607
009087
008917
006699
007720
002872
003528
000669
006190
coco_COCO_train2014_000000445395
001242
000702
007592
008058
004850
008290
003546
000210
005257
007515
coco_COCO_train2014_000000044923
008939
001133
007726
001335
004797
009124
002648
003108
007645
009347
003620
002458
009487
008227
003777
coco_COCO_train2014_000000177150
000276
000825
009898
004889
007441
005237
006881
007181
000579
coco_COCO_train2014_000000371470
coco_COCO_train2014_000000313249
007534
005994
000892
coco_COCO_train2014_000000421514
008541
004600
007434
004196
005325
coco_COCO_train2014_000000538380
000337
003022
005382
008453
000351
000382
003906
coco_COCO_train2014_000000476151
000287
005230
007026
005123
007672
002321
005604
009364
005108
coco_COCO_train2014_000000151567
005973
007345
001506
009408
007148
003670
003625
005513
002199
001165
001540
coco_COCO_train2014_000000345005
003869
003279
009126
006044
002546
004469
004458
008743
005981
004485
006260
004353
009740
000181
004385
004796
001667
008593
002916
001586
007903
004825
002478
005982
005510
008505
006065
001856
006145
008244
004789
001455
001675
007425
coco_COCO_train2014_000000237886
007791
001614
003547
006048
coco_COCO_train2014_000000096030
007367
009909
008867
004556
005871
008124
009315
006894
009628
006758
007307
002481
005190
007207
008016
003577
008287
004239
002164
008676
coco_COCO_train2014_000000243253
002092
004084
008651
007086
002976
002202
004942
coco_COCO_train2014_000000539041
005337
007983
coco_000000327769
coco_COCO_train2014_000000365471
000970
005751
009954
001083
003728
coco_COCO_train2014_000000300159
004565
009739
coco_COCO_train2014_000000160893
008285
000943
003484
002277
001795
000379
001001
008182
coco_COCO_train2014_000000287386
004667
008873
008619
007904
005904
009808
006035
004096
003983
000598
009009
000262
000143
003163
006354
003834
coco_COCO_train2014_000000408518
007820
000848
008063
006297
001626
003691
007042
coco_COCO_train2014_000000516636
003335
000633
009868
002864
008624
coco_COCO_train2014_000000526599
007474
008158
004534
005206
001798
008542
006596
005684
coco_COCO_train2014_000000111432
000483
coco_COCO_train2014_000000421384
coco_COCO_train2014_000000492215
003908
001826
009184
005935
003044
003661
002952
002247
006168
004616
009910
000768
006807
000231
000457
000193
006496
004134
009053
006353
009475
001241
006370
004111
000192
008022
004904
004447
006858
004801
009083
000846
003052
coco_COCO_train2014_000000237976
007954
008436
008650
004929
002355
001578
000418
002838
003266
005324
004958
003692
009790
005860
005093
006704
003910
004559
005719
005993
000762
001044
001796
006018
006719
007576
008154
000900
coco_COCO_train2014_000000550760
009502
001813
001236
007757
007631
000030
003556
coco_COCO_train2014_000000532625
002127
003015
008600
007438
coco_COCO_train2014_000000579065
004378
004314
005144
001064
coco_COCO_train2014_000000476082
006873
006657
001612
006959
004286
006109
003795
004570
002618
009110
003960
002585
003433
006899
009834
008465
008396
004038
000529
001417
009669
005189
006972
003582
003060
000962
006955
005633
007247
008470
000280
006502
006129
007687
004602
008482
000221
000753
002898
009260
006579
000204
006197
007191
006841
006532
002658
007637
004175
002526
008247
009438
004787
coco_COCO_train2014_000000364484
008301
003443
006633
000191
001475
005509
009603
000165
007375
003626
005452
009582
003419
003217
008623
009538
006766
001040
005330
004491
008920
006874
000612
007248
001907
000372
005173
003215
003791
coco_COCO_train2014_000000508177
001304
004629
005059
008816
007138
000771
000887
001264
008503
008710
009424
008401
004031
008218
000244
004864
006969
007488
001566
002337
005176
008828
006915
coco_COCO_train2014_000000504907
000014
009415
002357
006510
006171
009464
coco_COCO_train2014_000000209040
008906
008065
000016
008328
005525
005803
000661
001161
001702
004186
003521
008320
009498
coco_COCO_train2014_000000256741
002803
001094
003481
004312
coco_COCO_train2014_000000448558
000155
009829
005853
coco_COCO_train2014_000000121237
000465
002677
coco_COCO_train2014_000000432430
007541
006232
003014
005303
002150
006590
001712
002660
007714
002149
008677
004010
000777
coco_COCO_train2014_000000495793
001126
009380
005038
003936
009477
009823
001208
000324
000707
coco_COCO_train2014_000000487276
coco_COCO_train2014_000000275793
007019
001204
001979
008299
003290
003397
001105
003812
006786
003789
coco_COCO_train2014_000000188276
007824
007938
002989
005048
005929
000533
002782
007591
003567
002590
000250
009715
002701
008345
000152
000843
001099
003244
000956
005564
003214
000455
003710
coco_COCO_train2014_000000191174
003802
008787
000298
006249
004910
002389
001367
coco_COCO_train2014_000000201702
004435
coco_COCO_train2014_000000272351
005561
005313
001056
008971
001705
coco_COCO_train2014_000000185296
001113
003501
003913
001177
003386
007796
coco_COCO_train2014_000000115275
003043
003461
006311
003083
003197
004108
002313
009725
001663
001957
005729
007553
006451
008948
003917
006625
003395
006877
008608
001021
002324
coco_COCO_train2014_000000052036
004516
002079
005840
002024
004142
coco_COCO_train2014_000000297829
007327
007003
003007
000240
007310
007268
000920
coco_COCO_train2014_000000277885
009525
001918
006377
001668
003744
002168
003023
002596
003823
006775
001496
008741
002300
004200
009343
006571
coco_COCO_train2014_000000468692
006517
008706
006891
009836
000660
002578
009890
coco_COCO_train2014_000000358451
000488
009938
coco_COCO_train2014_000000139258
coco_COCO_train2014_000000307190
005547
004586
000581
001100
005073
000336
006488
000554
000361
003914
001248
000121
002725
007597
002860
000228
coco_COCO_train2014_000000111727
000740
002521
002066
007265
003094
001135
008793
coco_COCO_train2014_000000046950
006939
000157
009666
001259
001285
001541
004727
001448
002503
009886
002237
001981
009339
008958
004650
001499
000233
005076
003211
005274
002353
005836
005277
002915
006836
004250
008332
001071
007455
002659
005467
coco_COCO_train2014_000000126437
008194
003441
001217
005794
009276
009138
007286
002529
006513
006116
002111
004610
008617
coco_COCO_train2014_000000386179
009769
004141
002383
009198
005524
coco_COCO_train2014_000000522620
007074
002177
005081
000031
003765
008802
008807
008141
004325
coco_COCO_train2014_000000265447
005815
008713
001847
002224
001983
003450
007696
coco_COCO_train2014_000000457268
coco_COCO_train2014_000000279844
006094
006918
006199
009550
008757
007320
001902
009002
coco_COCO_train2014_000000461024
000629
000071
009121
004232
000051
009172
005396
006694
009345
005770
001817
003510
008564
008888
000820
006546
006274
008805
007770
006140
002377
001895
009960
005422
001666
001389
004774
003716
007919
009449
001027
005149
001228
000481
003929
002444
000004
003941
coco_COCO_train2014_000000037595
coco_COCO_train2014_000000295626
005159
008742
004628
008711
002228
003715
005832
coco_COCO_train2014_000000242076
006227
007646
009503
007036
002962
007558
009748
coco_COCO_train2014_000000065610
006425
006777
000856
001949
007786
002684
001700
coco_COCO_train2014_000000482545
002319
001977
007430
002880
005304
coco_COCO_train2014_000000556954
006459
002531
000608
009617
007023
009694
004989
002811
006170
coco_COCO_train2014_000000233030
009586
005518
008666
005223
002608
000305
001769
004318
005597
001941
000428
003872
008229
006673
009122
007252
003261
002126
006810
003104
006328
007564
005905
006428
008283
003027
002375
001493
007210
001897
007221
007415
009255
006362
009897
003736
007814
006473
coco_COCO_train2014_000000336984
009428
008537
005527
008474
008165
007918
001748
002011
002325
007859
coco_COCO_train2014_000000242378
003762
002426
006023
006287
008821
009752
000451
002218
000556
coco_COCO_train2014_000000020376
005988
006400
001229
007567
coco_COCO_train2014_000000298327
006919
005171
008104
009234
008267
004459
009803
001978
003730
005287
006240
006033
000801
005112
001584
005826
005721
009962
coco_COCO_train2014_000000513744
005700
002055
004434
007560
005837
coco_COCO_train2014_000000512995
009510
001988
005782
009840
003045
007778
006975
002477
004518
005266
009020
002925
003109
004058
001452
003284
005054
004748
005571
003048
003423
009356
002583
006256
003073
009643
001709
coco_COCO_train2014_000000557376
000377
008972
001670
000463
004098
007076
005918
000129
000571
005458
004713
002359
001479
004985
006946
000312
000749
003874
008204
006416
008808
000618
007143
005127
004770
008069
004648
003841
000449
002243
009414
004399
000069
000502
001191
005602
008887
004577
003798
002926
007236
008461
002323
005696
005874
007711
004920
001401
009417
009702
001360
003370
006820
005651
003251
007566
003705
008003
coco_COCO_train2014_000000467579
002038
003409
000381
009728
004995
000196
coco_COCO_train2014_000000542928
000017
006920
006009
004761
003758
008152
000163
003406
006398
000582
005641
003690
000431
000626
001430
001353
coco_COCO_train2014_000000320563
003195
002112
007394
007021
005530
004493
006196
008437